4228 3231 4606 1708 4488 4115 3650 1004 4001 4556 229 273 4882 4813 125 32 2920 4017 1682 3890 1595 1981 1074 2771 3405 4552 2141 1426 4434 3224 4844 786 2009 886 1061 2105 4762 4501 3498 3591 2096 3638 1235 3601 2993 3088 633 735 619 1671 
2277 2226 3041 482 1592 1155 4614 1081 3196 3592 2474 1855 2243 4703 635 2980 1215 4912 4526 3847 4617 4605 1046 1746 1997 3326 996 2749 4950 4411 39 3224 55 4697 1830 2723 1442 337 1428 4569 4843 661 1746 4404 4415 1412 1156 4474 4450 704 
333 4081 2183 2782 604 1743 956 1782 4003 2189 2788 2348 1669 4332 1774 3590 4289 4521 294 2886 1028 2189 979 2530 1379 2304 257 2419 1801 4487 3831 3483 1678 2675 1436 2826 2081 2349 2998 1962 4000 3647 4459 106 4789 2580 2339 1312 3082 2 
3957 1178 3320 3047 250 4751 3981 3066 959 4570 133 4068 1639 2367 2698 414 2680 944 582 284 2764 1978 376 1603 4803 1980 238 247 1407 3160 1050 1608 536 2485 3072 3174 4985 2996 727 1978 3851 4610 1966 1191 1600 3293 4936 4161 2355 4314 
4467 3661 3574 2294 4934 4921 332 3235 3809 3773 1776 1782 673 2859 1502 4423 2236 2762 4496 289 3506 4873 787 1858 4140 1298 4428 621 1809 789 4197 4382 2583 287 196 725 3576 2474 4318 3407 3389 4295 1536 2178 4070 4513 1158 4504 2091 2236 
4544 2005 1077 1430 4761 3300 2288 3453 2281 3294 4141 1017 310 1333 339 4898 4383 745 2918 909 1169 3536 4587 2108 2453 2771 3538 1180 1106 47 4941 643 2871 1409 4072 1337 1060 3494 4762 4182 3769 378 163 3341 2862 1319 4166 3623 4333 408 
3681 1259 2590 2862 4034 2204 513 1035 3245 3547 1313 2109 3579 4495 903 4653 3837 3131 3340 4665 2009 1943 2251 1055 516 1801 4086 2531 4289 589 232 659 1761 4026 1419 4896 2691 1504 379 2864 4766 2311 115 2714 2357 4465 4278 1937 3050 3123 
320 1077 2198 2119 1999 2398 2711 2054 116 3595 883 3548 942 4794 2157 4100 25 1888 4238 1087 1467 971 4317 3711 2607 2622 1114 920 622 4653 4567 937 1322 730 56 2023 4269 3831 1669 4227 3850 173 3989 4949 81 1228 2814 841 4681 2588 
1146 4497 1873 1492 523 603 23 4096 1251 3388 1237 1008 3653 1741 3497 359 3032 894 2300 2130 4717 64 1550 1666 831 1935 4408 3499 1315 223 649 3949 1912 4438 4445 4610 4416 851 4194 1442 2423 1094 2181 2636 212 1784 4597 2670 2902 2132 
246 4190 3824 1854 2850 673 3496 3042 3202 261 2653 3768 2635 2731 1055 2775 2943 1703 1667 3400 4249 3858 2543 189 2653 2447 3787 2857 4670 2405 2465 1601 4242 4797 3366 4660 4676 1836 4025 4271 2193 291 3155 772 2101 3357 1352 1603 3111 961 
4821 4969 2682 889 1082 985 2141 2314 3562 4529 2133 2509 4473 2094 2409 3853 4590 4626 1790 3530 1017 781 3556 2485 2630 1609 3881 61 4370 3875 2677 697 4365 591 4286 1975 769 1259 3813 3157 1667 214 464 198 1543 2794 1545 847 3921 1209 
2319 2866 1329 196 3683 3090 4990 4969 638 3041 470 3310 281 2111 4892 1377 2221 4131 2588 2945 4517 1551 1564 3875 4280 3655 1779 3118 2667 3154 2422 3872 1686 157 608 3764 3182 3476 3786 2315 2868 4002 2731 4484 1547 1522 3938 1215 2480 4807 
1314 4910 853 4193 4661 13 2726 338 3772 1104 1007 3272 3566 1463 3685 3291 2759 2966 1877 129 514 1192 1667 2848 1330 4437 1852 4836 910 73 1653 3489 2748 2943 3101 4596 2007 910 544 901 2675 26 3782 3815 2696 2302 4939 2819 2709 673 
3272 4658 776 1919 3195 1522 3627 2138 1946 3611 2088 696 861 98 3713 2534 1293 2462 1521 3229 847 809 2431 2316 1350 4753 333 3558 4904 1335 1411 1686 3392 1559 345 1432 4212 2938 4077 3482 2871 1760 4466 1907 2897 4362 4290 3330 4141 1543 
4068 3106 4044 422 2473 1796 2129 3940 3868 710 3100 165 3609 1035 1403 2144 1872 1139 1542 1510 393 3525 1577 547 4137 3074 2312 1977 1118 4675 1805 1249 4616 526 3910 443 3257 292 2141 3816 870 2015 2416 1606 2302 146 1226 3380 3179 1297 
3145 391 3542 2020 2002 1356 4608 1878 4793 1838 1326 74 4198 1107 540 3784 1516 4242 4030 3252 468 2479 3547 1807 3570 4458 1515 1835 461 4589 3962 3241 1509 1469 517 3414 2296 1227 1789 3773 3326 2651 833 2726 4910 764 2161 3952 1304 2225 
65 818 4333 2607 3746 2201 2347 4025 4063 4685 4229 2977 4094 3316 2490 904 4869 1315 4293 1783 3464 298 4262 1318 3816 2759 1751 1685 1134 414 545 769 2121 64 2943 4770 724 4154 131 4347 3251 368 3560 3105 3087 1176 2545 287 639 1259 
4576 2001 2594 4066 1785 1248 3243 2230 4511 3758 2060 3635 2111 2754 3054 525 4724 4654 608 1404 1139 3199 1174 1324 936 4653 2324 2560 424 3787 123 3479 3409 1513 4010 4935 142 2353 337 2354 3896 4222 3643 4086 3402 4796 2906 362 2315 300 
2471 462 185 4862 3721 3081 3588 1884 3366 3745 480 3236 4944 4599 3040 4535 490 4376 4183 512 2883 4579 360 2671 2530 3856 3490 2246 1043 2430 2036 4867 4488 2224 4919 4584 2268 4168 195 2488 180 1557 2666 4738 2215 1473 4397 3170 3911 3870 
1587 879 1384 3978 3577 1583 2241 2272 439 4730 625 4817 2727 1637 2780 2059 283 1885 2518 2273 3119 1503 839 1131 2533 3669 71 2351 3160 1876 1331 3744 3403 4572 673 3086 1898 791 3705 2510 3985 70 4765 3700 3604 4008 2571 1950 127 2252 
2359 2010 2239 3554 4126 915 160 837 441 176 921 763 1678 4334 205 1448 534 831 659 247 4722 522 3392 363 3671 3253 4171 3269 1492 1121 593 447 4545 2157 3347 1153 162 4901 1765 4089 3508 4820 4024 3992 1288 2592 3706 635 614 1374 
1644 2791 3803 3877 1292 3673 270 1814 4844 4756 119 3180 659 4428 2313 1185 4219 1931 2011 2626 3627 10 481 3084 3029 4147 3904 4943 2914 4996 513 265 3085 847 797 1846 2613 2335 4051 2415 791 2765 2597 1744 2132 1428 4394 2263 4079 1410 
1840 2474 394 1152 3591 927 1640 1164 678 2194 2974 597 1392 2755 734 4726 2959 854 1188 2423 525 1711 861 640 1550 973 188 183 1610 2718 3599 4692 2529 67 4009 1571 3864 1774 1618 2330 4635 161 788 3308 4899 3249 719 2093 2722 4563 
2607 975 693 1590 348 4612 3706 3337 2299 2629 2505 1806 971 4234 527 2647 4250 4595 577 975 2865 590 1207 2973 4933 4434 2009 3621 1688 3500 2158 2719 1368 1536 4346 3100 2070 1034 431 158 2073 4973 1648 711 2531 916 762 229 2028 3983 
4036 276 4503 705 3233 837 3514 2319 4187 2134 3737 1851 2978 610 1493 1922 69 4754 4753 1378 504 2763 414 4929 167 3082 1599 202 2266 3374 551 537 2801 1117 402 320 3194 3969 3002 3507 1152 4516 1179 2402 3766 2370 2608 380 4701 919 
3575 2236 643 792 1058 3407 4677 3958 3480 4907 3710 3720 860 3791 4759 168 348 4974 3209 4202 2164 1581 4185 2888 4772 3832 3820 1609 472 2200 3340 1731 1230 2552 1137 2198 1109 592 2819 307 2156 3505 1174 685 2361 2017 519 2191 3875 2554 
575 607 3138 3327 590 1833 1725 3870 1537 1318 372 3636 407 415 3560 4157 2985 476 4967 403 1560 3794 3597 4050 915 2533 1759 4457 2249 2178 1433 3299 1691 3872 3659 2031 390 95 3999 3668 2728 2266 3198 2985 280 961 3924 3468 4059 2971 
3169 3266 53 3010 2449 4719 3293 2535 1894 2390 4836 2583 989 338 3670 1926 3759 4718 705 3347 2232 1194 71 2996 2669 1207 1663 988 4361 2558 1873 1497 3545 571 4545 1243 346 4344 1611 43 135 295 264 3952 4191 1919 4960 4311 1838 452 
4145 4724 1282 72 1958 900 873 1302 3747 2805 3361 848 4112 2256 1761 2983 1773 406 902 804 509 2721 4984 1925 3238 2596 4135 874 4184 582 1359 960 1571 3754 220 1277 3118 3914 4962 2773 53 654 4163 117 3107 4224 4615 4366 2265 410 
879 3173 3109 1010 2243 2000 2254 3452 901 691 2374 4136 1389 2779 2642 1894 2333 3675 1223 2751 2152 3326 4053 702 919 28 3056 1919 669 624 4804 2559 4556 2337 3865 1429 1078 1744 4063 3919 3785 2209 2436 3383 1053 646 804 295 4591 2944 
3048 4202 3027 2703 778 1046 301 2596 567 407 153 3629 4198 2318 2661 2073 4641 3274 723 1116 1978 557 2995 3621 2448 2810 616 3567 4993 4805 1481 3189 3313 3372 3235 3849 1284 4476 2125 4958 193 1368 61 1220 1817 382 2369 3509 2478 4689 
3777 4350 2566 1854 4027 3775 2362 217 2102 1519 706 4896 635 330 844 908 1792 3980 420 2947 960 2138 590 952 3520 1047 4514 1607 2842 660 4056 1595 2367 1108 652 3227 2753 3335 2307 1181 4207 981 3927 3041 4437 3710 2406 770 2243 3511 
754 3104 2820 3744 53 1929 954 1188 2404 4473 4151 4896 158 3224 4759 3631 4852 2555 333 1389 2050 2893 2388 2707 4431 3103 4487 2258 1642 1926 4802 2668 1413 2989 3474 39 4287 4842 3922 1227 4925 3229 3889 2703 2280 4350 2048 4055 2037 1342 
1608 3840 3232 2018 3235 111 3018 3107 1065 2255 4062 2729 3679 4873 318 873 4067 3105 1939 1316 1282 2254 4237 746 3326 690 1023 3063 2626 4323 639 1325 96 4482 2669 4066 1174 1418 3746 1308 1435 635 890 1538 4752 2287 877 4188 1029 3444 
2994 750 4721 1860 4061 2361 2951 3353 2163 762 3789 117 4579 631 4070 4993 1816 2863 155 3588 2228 4586 4309 1150 2455 2257 2895 3574 2521 4527 4473 1145 2612 3088 4295 836 1373 2032 4700 2004 3348 4392 4593 851 1569 2084 1019 3870 2306 545 
804 4549 2339 2285 2616 3746 4261 4871 2418 3902 3474 945 3728 3648 592 4890 125 4783 4172 1721 2493 842 168 4207 230 4142 4808 3205 4342 3032 2106 1486 3271 1500 3437 678 3498 2414 3147 2675 4395 2174 217 3890 1801 4049 4142 4957 2929 1965 
4250 2012 4467 2493 4554 1010 3725 2414 4593 2905 4958 3985 4897 2216 3310 2075 1442 2964 3317 1265 2202 3973 497 3263 790 3507 1987 27 2879 3168 1260 454 1657 951 4668 859 1376 1678 396 4059 3404 2560 4701 3351 3462 3734 2272 4248 1067 1503 
4879 604 313 3685 763 1313 952 4635 2960 4919 3291 484 966 1521 4695 748 4666 501 147 869 4468 3436 3584 4939 2386 644 762 3657 1573 3124 2512 3352 210 2015 4849 1740 2531 1436 792 4042 3143 1645 4273 103 1800 712 3228 3307 1939 3867 
2250 1550 4694 4179 4661 3041 3813 2190 4397 1840 461 1382 2000 262 2780 2737 4514 1378 3736 784 349 4888 176 3245 2130 1843 808 4537 377 1922 1489 2988 2013 1 424 3654 3260 3490 693 509 1606 4755 4320 2672 4548 377 279 2364 3187 4685 
682 4173 4528 2798 3147 2879 2806 1064 640 1013 285 2891 1459 2786 638 815 1612 2966 4261 374 1724 4939 2038 3882 3062 1608 3427 4306 146 1142 2156 991 1969 3994 952 323 360 1594 4652 900 4006 4660 354 3366 4744 531 3963 1359 1040 1954 
263 2478 4817 2166 2748 4550 4967 2080 702 1816 2964 3904 2350 703 4029 3072 2734 4176 4335 2256 2892 569 4220 3197 2309 729 3458 3616 236 81 4326 1964 963 2209 2101 2304 4897 4862 611 1710 4460 2371 1839 2834 1569 3077 1663 735 2850 764 
1272 3919 695 4830 193 1386 600 3758 624 4553 2346 974 4917 3074 4312 2208 4382 47 356 1235 4474 1858 3278 1827 3018 772 556 4610 1965 583 4227 1191 2123 2456 333 1756 900 2721 699 3692 4554 3741 1124 4108 4092 4638 983 1506 4989 2444 
2870 627 564 2622 60 1273 805 2910 1928 109 936 2184 1354 185 4288 3859 4253 2194 919 3899 1869 3164 3936 1166 972 4566 3733 3670 3744 1599 2626 2198 286 3313 1258 601 429 956 2112 1791 2940 999 3568 3841 4206 475 1616 4239 1776 3608 
2657 888 4935 36 4978 1930 4767 3505 3551 2530 850 375 1286 1599 3934 642 3994 1130 1570 2517 4139 2848 1025 942 1526 363 2088 3412 2169 4830 165 703 1354 3928 2905 3031 3104 1794 1727 399 1090 1244 1581 3187 3639 3053 1475 3976 4046 1050 
1154 2827 2766 1097 487 4684 1000 294 4255 2812 996 4750 3021 4798 82 1458 882 3866 1883 566 4012 263 1726 4107 1242 2314 1574 4625 751 3522 2820 937 3950 2918 322 2746 3037 281 1552 914 2060 1652 4058 2704 4655 1685 2513 655 2226 655 
169 2014 2886 1426 3667 4150 3393 1428 660 1195 1474 2264 3486 2335 1909 750 1117 2515 2795 3563 2804 1543 4575 2603 4833 284 716 1540 2383 735 1323 1205 499 1185 2555 2758 3489 3678 921 1666 3983 531 1299 1498 3114 1059 3544 1212 912 4083 
1291 1444 2750 4164 4663 4729 2715 1433 332 2316 4564 1346 810 2484 1857 3785 4102 1446 2832 427 2203 1091 545 3288 4755 833 1074 4430 3926 1119 2452 2947 1386 4147 1677 570 3980 2327 1847 2985 3430 276 689 4176 4354 3925 2444 3404 3245 2983 
3401 4172 1103 1927 1329 1940 3242 421 2333 2969 849 1983 2159 2491 2195 4673 3241 754 4672 1084 2284 4122 651 1692 1292 1881 2176 3583 2442 451 881 3411 266 3427 3580 1095 3767 149 1103 3724 4691 1465 894 4477 675 3451 3628 4333 1162 1209 
2672 4152 3836 4149 42 4453 1438 3620 4991 2514 717 990 4777 4313 1332 438 1082 209 4506 2860 2322 2520 3780 681 1671 3968 622 1683 1309 519 1991 2706 2711 1076 2758 4722 3756 1990 96 2290 2301 399 3116 668 2877 585 4568 1190 546 2280 
2180 1209 2756 1360 3064 3416 4580 4984 1074 930 2735 1168 650 4212 3 1094 1754 3153 1352 511 760 4523 4098 1613 4702 1327 4999 972 3540 403 3236 2241 1332 3147 669 877 2143 2901 1508 1750 2550 4522 2810 4222 4891 1198 3556 3145 3280 1337 
335 4537 2528 3455 4703 228 1453 3317 1133 3689 186 4301 1439 262 1258 2284 1732 14 4609 1641 3136 417 4786 3673 1077 2012 1992 3409 1171 2554 704 1292 1777 4667 94 3726 3924 4477 1864 415 375 1336 3201 612 164 2902 470 1810 1794 3259 
3494 3644 1168 1297 1733 2488 2256 1871 906 1021 600 2115 4378 2920 2997 4277 988 3175 360 4518 3111 2053 4766 1522 184 799 978 3650 3393 2806 270 2876 822 1654 1099 2166 4329 1887 173 1681 2345 4018 2226 3779 1102 3478 2115 2824 569 1683 
868 210 1586 3942 3217 166 3801 2295 4242 152 4201 3704 2825 4978 2521 4383 3913 4961 4421 677 3825 3169 3157 584 3617 4194 4661 2573 2965 307 2029 2330 559 3334 665 220 4818 1500 4547 1804 804 3058 3519 823 923 1220 1816 2046 4387 3545 
1377 3323 4623 3071 2487 406 3903 4169 285 471 4016 4502 1392 2468 1642 2604 4636 2373 2758 300 750 1998 303 1640 1187 605 2275 3802 2529 4133 553 3711 2709 1106 3077 4204 3381 4677 465 4207 4655 2018 615 2034 281 3185 3509 3123 2539 2010 
3175 2423 4106 4821 635 4328 1262 1304 393 469 1854 3330 2002 946 682 424 411 4927 2881 2789 2250 1741 1436 2184 3280 2301 3154 4304 4879 2995 2094 859 4077 4268 3071 3184 3490 2556 4246 4601 2271 44 3741 1598 3815 4898 4542 3333 4186 4680 
1929 3942 3688 3361 3506 3823 4403 3553 2299 4387 496 1181 3541 3000 880 2244 541 3736 1577 3612 2093 4528 1234 4663 1048 1864 2631 2143 1682 1475 4906 680 4303 2768 3003 893 4659 2143 1553 1278 2834 1264 3361 4640 2497 3168 3638 4910 3404 2397 
867 2782 4273 2469 3557 1471 1693 3562 43 1722 4246 4377 2714 3454 1073 3170 3908 4248 1205 2474 4170 4811 480 968 4730 1725 4864 2917 4818 2530 2452 3287 1117 1212 636 2696 149 1459 1430 2626 275 4066 1363 3918 4627 1842 1681 558 2211 1875 
370 263 4637 1264 1021 1570 2418 4946 4692 1685 1522 4216 773 334 346 3046 1317 4064 3797 3395 3842 961 1966 4303 3071 4331 68 2461 630 1306 903 3077 1897 3309 1675 4365 3609 1576 2498 4281 3547 1801 495 161 4288 130 3128 3818 2364 3854 
2459 4896 3113 1975 853 4490 4164 504 1406 3542 3560 527 2841 1854 3674 2301 4179 2315 2461 1528 4834 1634 1679 177 1424 3332 51 4074 3991 3226 4040 3394 3735 3584 1259 580 927 842 344 4676 4576 3325 639 4836 3064 1903 3341 3047 1222 4929 
1855 3476 4777 299 3550 1612 3101 2241 4648 3999 4560 1197 1363 2436 4866 3166 360 424 1668 4807 2069 1441 3995 594 2635 123 3709 1079 2754 938 3747 4799 4977 2130 1471 1574 74 1028 3960 1481 3029 1545 1947 4052 2492 3083 500 119 3096 1122 
4118 1458 4010 3277 415 2982 916 474 2400 1934 4681 2024 2339 62 4001 2546 85 378 1914 695 375 1187 212 3784 2055 2806 875 2025 2692 4773 515 1563 339 562 2287 17 4763 3128 4682 3714 2784 3948 4410 1935 4989 2701 545 2446 1811 3560 
2878 3006 2826 2039 2347 4827 4045 2635 3104 4372 2603 231 961 2139 651 1583 3932 1613 2608 2521 965 4707 2301 762 3677 4192 4331 2476 216 1588 1632 2663 2061 3241 1970 798 2348 4756 332 3411 2756 2053 2105 2909 3378 906 4167 913 4032 3137 
4693 423 2397 1517 1648 711 130 2435 938 4692 4757 2934 2253 3927 4473 3495 3102 4767 4262 4617 2661 4703 389 4884 2172 4768 4542 4032 487 4105 821 4781 3635 4412 1675 1480 4777 1828 1705 424 3956 732 1514 1482 3473 4985 4337 2058 1160 4026 
4969 2499 3264 4702 244 2801 1191 3847 4062 4812 3538 3638 1746 1856 3921 376 4325 2899 4967 1303 4482 1503 1009 4756 2358 433 45 931 2326 1264 1253 4735 4181 226 2628 2368 3545 859 2720 3731 4376 4120 2736 4457 4008 2027 752 4745 4244 2815 
987 490 1526 1903 1056 4772 3065 4490 1049 3791 1630 4106 2599 4135 4442 2821 2802 1982 197 1467 1656 778 1294 3258 3523 2897 717 3078 3432 4497 2625 308 4860 3205 2883 745 3234 3797 3939 2631 1052 1981 3586 3696 2358 2241 3360 2350 1857 1359 
2086 2690 3606 198 686 571 2360 2758 4202 3449 3672 456 1794 4890 171 2422 51 4501 1855 926 3652 2030 3414 1380 4282 2730 4562 1846 2447 4075 585 4171 318 1638 1051 2206 3490 370 1738 4232 1543 628 592 1220 1377 345 3760 815 3204 1995 
2566 3568 3708 1368 2520 4796 3486 1791 649 125 4975 2533 1876 1555 2443 3847 3878 1403 1776 705 2935 4976 1269 526 186 935 3829 1960 3490 216 4504 2171 1191 4138 675 3597 3778 4197 2951 4353 1702 958 2584 3764 4104 3806 231 2207 3848 4092 
2146 3894 487 4037 50 1408 1387 4289 2741 993 482 2151 3094 1860 3732 4436 2258 2637 3083 4016 3643 3470 3439 377 4746 2008 1133 3684 4665 4724 128 3193 4567 2690 2187 695 383 1122 4470 2584 3467 2970 183 78 1797 248 3058 734 687 3375 
3428 76 2980 2319 1757 3887 4302 776 3924 2574 3176 1759 4831 2171 4607 2421 155 2855 141 940 3185 2134 2494 1620 762 1612 423 1637 4452 921 4331 4973 2756 129 2056 1964 2191 1375 850 2318 3924 4859 2414 1560 1405 569 2898 1079 4230 3652 
1411 1718 2084 4794 1910 4942 4178 1834 4691 451 63 660 3855 3093 2804 2160 2257 820 4917 2201 3431 2616 3071 779 474 4727 3473 2403 672 1464 3045 4846 3800 4431 1968 3501 1099 4674 648 2215 2841 1236 2222 3927 521 4368 1868 544 3110 2425 
4753 110 2310 4159 394 807 2972 4748 4299 1609 1457 1807 1255 662 62 177 4973 1734 45 1286 4715 1691 4561 887 663 243 3427 4166 3731 1049 1126 433 1689 1085 4422 3170 2647 4573 900 1926 2325 3828 2685 4613 2309 18 468 170 2874 1285 
2100 1756 876 590 3219 1419 1994 2439 35 2126 3202 211 2035 3621 2589 4958 3998 4611 374 3639 2 4990 92 3547 1316 1658 2374 3229 3434 211 391 2258 2376 1794 187 4473 4167 2737 2464 1659 2339 1626 1648 3191 244 3117 3958 4338 872 2176 
2375 4261 774 20 3091 1335 4910 2382 4715 300 4896 2292 1886 302 4890 848 4727 2523 1973 2097 1265 4592 1234 4240 390 4308 2681 2936 243 144 2707 3835 1241 1854 4089 448 912 4998 4395 3801 2548 937 2238 2452 820 3840 1488 2104 2601 1389 
422 1875 4460 1236 4376 1353 2843 3115 4954 1680 2766 2144 2230 1290 3356 1530 3337 2594 1091 3962 2996 1130 3416 1235 3756 2388 1372 2912 1315 784 2936 1878 4208 4566 4986 4906 3325 4781 2912 555 3583 1371 2484 1810 3307 4445 593 2561 3359 2361 
269 427 4535 3322 3120 4755 3034 613 4052 2567 4116 2546 3117 2262 548 20 3722 1687 4705 612 524 2268 3144 850 2767 535 2097 246 848 3916 444 1311 262 4904 670 3602 715 4215 4568 4597 2316 1164 3001 2316 4319 2205 339 3203 3421 1517 
2436 1437 1632 3590 1358 4077 3855 1950 2592 1603 808 1490 2862 3354 293 3449 3655 3391 4050 4266 4838 324 1493 375 1148 3758 3743 1068 3691 4740 2011 1571 1574 817 3748 1250 159 668 1699 232 4384 166 3186 339 2567 4755 3691 430 812 3388 
1996 2017 1236 2204 2087 185 1795 4274 1844 2370 2702 2071 3755 3410 7 3817 4335 3903 3468 4822 3588 3404 2666 4621 1717 2984 1261 4666 4495 1295 2827 792 4450 3206 1443 2532 1473 1121 1552 2767 2872 4863 3146 2756 3629 3600 687 4235 186 3206 
1653 861 1986 2266 460 4089 626 1104 4330 4590 314 3733 2686 1002 4564 3800 1281 419 4436 2023 4858 1876 4328 3155 2249 2778 1250 4255 4398 2375 4116 3901 2067 991 1764 3698 855 1961 3464 1075 1373 3920 2235 2048 1740 1459 1513 1159 1328 2866 
399 2276 3449 746 4742 4855 4754 2170 3106 3567 292 4511 4430 966 2972 2005 1898 4589 4771 367 4272 2898 1205 1633 451 3318 4173 2803 1033 108 3606 4761 3963 4575 2964 2257 4202 3963 1317 4388 3092 3039 2586 1185 991 3537 2386 3583 2078 674 
1497 2937 3114 4571 1860 2359 4794 2937 4233 4946 2117 1862 4357 2807 1599 2160 3573 2489 3283 3637 1809 4704 2513 1951 3326 3910 4152 3212 2004 524 1093 3233 3151 4272 1077 489 49 314 3039 4608 1768 3768 1477 101 3499 2134 4420 4351 1579 97 
3586 2271 320 1278 2312 2895 2394 702 825 2985 1041 2750 146 4091 4151 3244 809 4737 2236 372 2067 2580 4458 4420 688 4898 706 220 1482 3245 46 1403 2735 4648 2921 2925 3074 4544 804 1081 3409 2775 4091 2531 74 3383 47 1925 448 3333 
1333 4219 3397 4411 3351 3023 4047 1555 2097 1362 3176 2017 3710 4765 2145 249 4364 2511 559 3344 1334 2767 865 4967 1033 2260 1896 2325 3689 2195 1383 3684 3932 1433 4262 3208 4023 2201 4106 1235 240 3816 607 1620 4604 4512 4256 480 3618 1322 
2398 1826 2895 3287 408 3336 2659 4449 3498 4374 1292 3597 4337 1199 1913 2244 997 384 418 3314 2744 863 1919 2118 3982 1316 4822 1475 1997 3680 1633 2463 1400 2523 2230 602 4743 4122 1745 1729 176 1833 4135 2716 2748 4908 4765 3701 1811 2901 
2080 4226 2329 3225 902 1460 918 4220 2597 224 2088 2342 3042 2462 4476 1821 3381 1945 3669 4957 2515 1854 4635 3086 4100 2640 1616 773 2262 2971 623 1566 3618 1000 1254 1336 2405 2153 1438 3449 690 4597 40 1428 4461 2430 1483 4415 4291 513 
2475 938 3409 2694 4219 1525 898 4657 1430 4986 629 2880 458 1659 2470 4509 3935 1837 2556 2398 207 2669 763 3868 2390 2289 1187 833 1380 2778 2432 1549 1936 4088 2083 1706 3143 1623 4305 4327 2006 2362 2003 834 3980 613 1678 3825 3579 1598 
539 4443 1529 2159 4009 1579 1162 1509 1034 4557 3840 2693 3644 3492 4389 56 2641 4770 3568 3395 233 945 879 181 3806 2130 4564 331 4880 1756 1651 4422 914 3960 2651 1671 2221 547 2171 4297 4964 4539 2102 488 3831 3517 962 257 1171 2350 
4525 2402 4122 2544 4378 4883 1608 1648 4155 4333 3014 382 3406 2730 2994 1741 4389 342 558 4555 2257 3324 919 2371 2887 1339 4497 841 1038 4731 2442 4493 223 283 4780 892 2622 4837 3495 4924 408 1148 2614 519 4589 4180 2537 393 1041 2315 
1475 589 2053 3190 1597 1996 4251 2663 2210 112 4490 446 972 2441 1206 1454 3848 2029 1220 873 701 2077 84 383 3586 3950 2504 587 2288 3717 1004 2278 3030 3207 447 2656 2836 3016 4425 723 2443 786 2749 1835 2195 4248 3729 4179 3564 195 
4571 2450 4209 3885 119 2190 3129 3964 4942 3463 3672 4561 89 1535 1110 2402 2350 177 2998 1845 1282 2864 1890 4982 1040 1953 1293 3091 3688 4499 3465 1669 868 2021 4218 706 4320 2801 4043 353 1256 3481 95 4197 3741 3631 4971 4670 3163 3369 
1354 556 101 900 1688 2398 2306 1856 2132 34 1085 3997 4224 933 1559 132 2378 789 4439 3457 4728 1645 4053 1008 3647 2945 2587 957 629 243 3149 2312 1928 3037 3571 1033 270 3160 1052 3457 558 3492 1629 2569 3807 1737 3579 862 4552 1966 
1333 2014 3648 103 4733 572 1167 2316 1353 914 3540 1392 4757 1247 2424 1600 3483 4471 1130 3901 574 1667 3869 2003 2371 3424 784 1034 960 1380 3052 2724 1034 798 4867 4497 2418 1397 406 640 4943 2517 3152 823 1994 1341 4762 908 1806 3500 
3366 2757 4119 2790 3576 4221 532 849 4321 584 456 1317 2174 3905 3677 4291 2513 4561 554 4636 4406 1899 3439 2022 49 2742 4893 691 2846 211 3452 954 4441 4367 2031 58 407 1155 3515 1372 3652 2578 2608 2769 4894 3699 111 1444 4082 4304 
845 601 1582 1894 486 2301 2647 630 4510 4320 2028 4411 4132 209 4114 1573 2912 3632 4305 4469 2822 3138 839 3482 3987 1456 1172 955 3055 57 4902 1470 1020 2066 102 2081 983 4003 2194 3935 2924 4180 1340 3533 806 3487 2747 4253 847 3367 
1128 2642 133 2066 1316 3494 4415 563 184 1337 2102 1243 2598 4771 4831 969 2350 4035 3391 551 2 840 472 4687 2334 4416 4004 254 3531 3256 1487 3280 2019 4812 1769 2388 578 4319 2508 201 4787 3932 4788 1121 928 2190 4285 1173 2158 1686 
4121 4218 2984 3803 4049 1650 243 2326 4963 3821 258 398 3734 4850 1266 2465 3690 3881 1953 861 675 1875 355 4646 2752 2427 3717 2680 2950 3471 2574 4080 4219 2818 1418 4014 3272 2804 3977 4877 4030 3045 1784 2302 2516 949 2910 2210 4263 2399 
1601 2831 4044 2319 2641 37 2810 138 2622 1697 4884 3349 3094 2618 1605 2481 2882 866 2084 3349 4969 2039 3955 93 2565 1026 4322 1913 205 775 1497 3809 4050 375 4302 2431 2686 1250 1419 3077 2129 1201 2932 457 198 4356 4376 4343 550 3023 
2686 4878 564 1130 2666 2677 2657 128 592 1703 4552 2240 807 588 1124 2907 4162 2267 2440 2317 2443 3380 2328 1888 3201 1371 4047 933 268 3922 2664 3420 2766 910 2857 2894 4964 1821 4412 2441 4861 2278 407 3572 18 226 783 1348 4591 4345 
3609 4622 4385 960 1138 421 3353 130 2319 1879 4424 1212 3599 3195 1571 197 2623 4893 289 1326 3550 3997 1154 1454 371 4093 1594 3522 2747 4818 3118 2579 3808 2437 390 4040 2078 2738 1540 2166 3072 1304 1629 52 26 2218 4373 116 2624 342 
3256 4375 3623 2868 1750 2816 4026 3241 4870 2356 641 1709 4990 3344 404 153 1010 4156 966 741 4707 4839 4648 1209 1306 363 1451 2402 2470 506 1531 4272 353 856 1016 2558 2722 803 174 3345 4358 3617 3151 1916 2016 2177 4447 1747 4204 3389 
1985 2839 3054 742 4073 4250 288 4304 745 1627 2643 367 3303 2372 3246 2274 2175 1378 1701 4551 1293 1317 4212 3576 4030 1304 4260 4309 1736 4083 2572 2130 2151 1712 572 3322 2049 2130 2814 651 3076 973 1007 2860 2814 3218 469 2908 2453 841 
1272 661 2385 1956 3757 209 3167 4474 577 1364 1751 4145 3355 1851 1312 471 2278 4027 4034 2211 4997 3188 4748 1327 1392 4143 1383 4433 734 887 1195 1195 1115 4356 1593 184 1428 877 4976 295 848 199 420 4037 1201 1264 2148 1502 3675 161 
4699 4203 3125 1780 4361 1779 1958 1235 82 2067 4626 4345 3879 4728 861 1092 1812 503 830 715 11 1378 440 4060 3423 982 397 3466 171 1459 1828 2029 163 3475 3125 4602 1115 687 3586 3613 1431 4518 136 2500 4355 4160 4470 2718 156 3074 
2446 2635 1119 3530 1282 894 2352 4021 408 1024 4261 199 2592 1327 228 4443 2798 2607 4274 2380 3716 455 1630 2539 2665 111 998 1482 4159 3545 2416 3177 4698 1166 4515 2366 3557 570 1319 1154 2033 891 594 4082 4544 4445 4445 2715 655 58 
4238 2690 275 4560 3864 2538 4485 2483 2784 2959 3168 2045 3600 675 114 843 1481 3935 1242 2122 2580 1661 4553 2257 947 3203 52 4169 3814 2947 3777 67 936 1184 519 1192 1067 2739 3043 999 2056 287 2993 3082 3468 554 4167 2282 3896 1325 
1568 2045 912 478 3584 932 2694 4164 3043 3514 783 3218 4955 2986 430 3936 2194 3080 1552 2022 3196 2587 3456 4434 1688 2289 2692 3452 897 3876 3704 824 2792 995 2537 428 2149 2196 508 67 2398 4657 2552 1193 1086 3016 3850 2984 1297 1575 
1151 4386 3903 2488 2223 2872 2800 1153 3928 4594 591 95 1217 760 1426 1557 4592 1153 1217 3479 198 4985 1860 3932 2233 4656 2010 2132 2386 4641 391 2726 2145 648 4301 3716 4197 4040 3663 859 1280 4324 2642 3726 1811 2660 1077 1010 1734 715 
859 4455 2634 1726 2358 2373 4923 4279 4438 1158 2832 1187 290 2275 3796 48 934 370 3050 652 2638 53 837 3106 545 2558 3694 4558 4770 3026 2297 3995 787 3108 1522 2370 1915 708 4932 3086 1954 927 3114 3638 2834 2896 3514 1410 2217 4855 
4750 3618 1340 1009 2365 4291 3509 3233 674 988 392 1510 1603 3760 3659 732 1165 2732 3508 1056 253 1452 3855 582 2922 49 888 3652 1226 1446 1742 125 4170 891 177 1231 385 817 382 702 4391 2455 1320 1757 1419 668 1233 4705 3162 4598 
2209 769 1399 410 773 347 311 1677 1108 1072 1075 4219 4974 1907 708 3622 583 4614 330 738 1883 4925 2085 1502 4185 991 4960 2189 2677 2411 251 1254 3577 3055 2024 576 1284 3758 1704 1282 2869 1379 3119 1683 321 2545 2133 2237 12 4750 
2382 2767 3908 4711 3293 1107 4412 3901 4660 1988 104 80 2999 261 4196 4123 538 2686 834 1592 287 360 2644 4421 2165 372 4758 1624 4045 894 1408 2159 407 200 1459 4411 3685 1284 1217 1566 4934 9 1962 1722 1502 4611 3907 1572 4563 2596 
2282 4009 915 4143 4624 279 4469 2479 3742 343 2109 4723 4812 4289 252 3684 245 3922 3463 3018 2071 4762 1646 2388 4106 1888 4760 2103 4110 4930 2637 1817 3122 1175 2972 2135 1794 960 2735 2011 4601 4910 2587 3122 2447 3285 1980 2293 85 3682 
1729 1029 2703 3961 4340 4845 336 3979 1837 971 4460 1189 815 911 3258 3804 1442 4807 394 2096 1651 1402 3766 4846 2345 4227 3634 2683 1569 4145 432 213 2117 1541 2632 1028 80 451 1326 4169 4093 1485 638 1502 1600 3860 4 4223 4141 1368 
991 2319 4585 2666 1149 2982 1078 4912 413 3481 2514 785 3689 3346 1625 2281 2403 290 1842 167 4617 1949 4560 2118 4348 3412 3410 4233 2541 2000 4486 298 1337 3886 2425 2940 231 3230 3545 783 1919 3609 4759 3341 1358 690 87 4715 815 236 
4586 73 2932 2348 262 1150 549 2464 2180 3486 231 2784 3723 3277 1817 1516 4203 2248 204 4511 108 3954 4473 2386 1928 3060 2887 932 2398 1273 997 4048 2488 1369 1397 3712 2128 1756 761 2825 2526 426 1538 2766 933 4024 2231 1858 935 2430 
4363 1824 1726 271 1490 4365 1861 4080 4061 2768 1822 892 1028 4073 637 2607 2012 2696 3380 2458 1993 3359 1048 3983 3406 1987 796 2229 4474 718 3389 1518 1181 3481 1655 4855 4107 3257 4918 655 1376 1511 3919 1780 2781 2348 2175 4690 4186 4268 
2843 4438 45 394 3026 971 3578 493 2521 3546 3699 834 2710 1591 1001 3338 4287 489 20 4166 4603 3858 431 248 384 345 2456 75 2855 1948 4735 3405 2710 3153 4508 1115 725 23 3278 3878 4754 672 545 2406 328 386 2112 796 1310 2535 
180 196 3636 417 4235 2611 2979 2266 3436 3149 3718 523 2882 1698 1931 563 2695 705 623 963 67 4350 2369 4503 2749 4792 1357 759 4137 1334 12 2319 1563 3076 4489 4948 971 544 3528 1960 3970 2162 3946 1680 1956 747 3364 2364 1246 741 
113 2662 2217 1355 1909 207 2999 3746 123 150 2413 977 3281 4370 2707 4229 3315 1650 696 4840 2221 2043 2257 1331 3013 2339 3228 3233 2160 219 2287 2493 1875 4650 4335 423 4445 1687 2774 3020 172 3887 3612 3524 1837 3024 2097 2007 3248 4845 
3106 762 1547 2707 826 2871 3534 1235 2611 147 4606 2298 1741 1395 4502 3805 1206 929 2187 1584 2883 2756 959 185 117 1623 3696 3049 2552 4459 3338 3971 3072 2422 2898 4576 2156 390 2876 529 120 2489 3752 3807 1550 343 3032 2128 2789 1722 
1870 1275 1317 2260 4995 1845 3417 698 779 1252 141 3792 151 1357 2338 2781 4427 2009 3592 1656 2089 1430 4252 2875 4317 4851 1915 3623 27 1739 381 497 4134 3637 397 1067 170 1787 2407 2254 1764 411 1963 1910 3937 1147 594 4270 2652 3640 
198 4670 4204 3568 2071 1698 2781 877 4059 221 1189 4877 3221 1030 4147 289 1234 2338 4123 819 624 570 4236 2036 1136 4878 4158 3676 1093 938 2462 4603 293 1055 1469 3927 3584 2125 3992 4999 767 3817 4208 1136 2958 2106 2676 1582 2661 1696 
942 4869 4547 1006 3076 4144 4572 3455 4496 3330 574 1839 3274 467 1526 2668 4812 1845 3440 3941 3398 2367 2542 2249 1523 762 344 3587 3860 4371 2301 3925 3931 1681 1993 4467 3763 1255 4672 2561 78 2379 4874 2647 638 1608 2032 4988 2145 2312 
926 4169 4279 1871 4217 2519 3718 820 4074 3652 4128 2017 4339 1273 2842 190 3722 2400 4608 3856 2628 4581 248 3752 2244 1274 2404 1601 3204 3727 596 4370 507 1449 2211 597 3343 1858 3897 1262 1949 482 513 3848 679 149 2179 3381 4597 2333 
1757 3941 3423 3290 3565 2193 570 1710 2019 3295 761 3757 3741 3249 2982 4429 3906 2674 1801 3891 1075 4928 4712 1647 647 696 2016 3352 4590 4894 195 4571 1953 4 4762 4928 575 2565 2916 1797 1299 507 912 4111 1604 998 2632 2838 1141 965 
1423 1937 4022 4242 2212 1418 2226 4361 2839 3915 244 1257 195 497 4771 3742 3676 2127 4965 3158 4219 3846 1587 3555 3120 3516 3961 2552 2304 1947 754 4304 3904 708 185 4515 2240 3987 3547 3682 3659 1797 755 3045 1150 4271 2085 1659 454 4984 
2943 1306 1823 1786 2597 3727 1179 397 4269 2969 3327 340 3490 3025 892 2916 1229 3412 1693 251 736 700 2709 3350 3652 2028 3091 1133 2438 691 1408 2754 4934 2 479 2320 4640 4353 3830 2336 198 2423 3365 2146 1854 1737 597 2130 3568 4253 
2643 4953 4987 3959 316 2390 4520 4020 2387 1868 3366 4277 1105 4390 2272 1822 1812 3232 3092 4728 1915 3847 870 675 2489 4804 4484 480 1713 4917 1763 4406 1801 3917 3626 3507 2297 4126 1549 1030 45 571 1309 2898 2905 3002 3278 534 4853 82 
1161 115 1762 4138 2387 909 948 1298 2318 1334 4496 3702 126 2431 3287 208 1279 3128 2723 3997 453 4114 2786 4651 3 2467 1193 3632 1024 3417 1043 4511 2656 51 2954 1575 71 357 861 693 4659 114 2459 1139 4418 935 862 3505 3168 3109 
2228 3835 3926 2751 3666 1522 3785 397 1377 3784 3959 3945 1998 934 4215 576 1636 1456 152 2442 4525 4828 874 3605 137 1814 2381 3719 2926 1264 2351 1940 4697 168 42 471 916 219 2589 1147 4352 120 817 708 2901 4848 311 3161 4440 1541 
4152 4638 3339 1623 1469 96 859 1703 440 3631 3055 4254 4715 2379 44 3685 2160 1992 2409 2547 1416 2372 343 698 1248 1347 2416 59 1016 1856 4557 980 4502 71 1648 1775 939 2145 1209 4244 2004 1407 3927 1017 1748 3691 1437 4770 88 1619 
656 3628 867 2695 2830 3806 2418 4694 1081 385 1467 3371 3435 3623 2314 4758 3436 2059 3220 2744 1026 4807 4160 3439 1169 1716 2 3875 3603 733 4545 3776 1114 1357 1604 2781 780 4658 1873 4164 1301 1258 2398 4227 779 245 3988 3763 1790 2563 
4008 4695 1711 2920 3747 2934 2275 1516 4397 1901 1759 3584 3773 2471 3342 4710 2661 2030 2489 4864 4676 3295 2895 3116 2379 1376 85 1319 1836 3341 2743 3383 2367 1228 151 2805 1287 990 2149 1131 2149 1007 2681 1722 4691 135 1541 3744 364 3578 
1742 728 2338 2973 3620 4713 2808 3810 3640 940 2386 1566 4734 3464 193 2617 2563 616 4283 1589 336 120 3842 402 1400 3244 3435 1554 87 3522 4947 3761 1115 3248 589 4743 343 881 687 1489 4221 1204 1382 4396 308 2293 2214 100 2346 1664 
1687 532 3788 3588 124 798 3436 3708 3126 3326 763 188 632 1490 3671 354 4372 4733 4566 1994 847 876 627 599 1016 144 4952 2671 3758 1421 533 3726 1131 4275 4096 1645 11 4411 3638 4533 2794 1012 2225 2662 1085 3342 4035 4133 2311 1958 
737 1206 3183 4404 987 4542 3232 2778 3259 2404 218 294 2572 3737 535 1625 261 1021 4816 4425 110 132 1224 3683 2770 1481 1193 2933 2854 3602 2246 20 2409 516 3193 3777 3381 3144 886 3082 4997 3686 2584 4702 3774 561 3195 4280 3691 1220 
1449 527 1979 4083 880 4373 3638 4421 284 2615 4033 239 4537 3173 542 1933 4740 4435 2448 3445 3819 2495 2341 949 4681 1364 2172 4990 4927 1286 4897 2288 191 1678 3862 1353 1747 160 173 336 4446 2940 2499 1919 2688 3026 3503 4080 1216 2786 
1084 3878 1085 4810 4339 4703 3166 201 4589 4745 2995 1812 2335 3123 851 4502 4703 2142 4183 1550 125 1396 903 1499 4206 1207 4419 3539 4837 589 4381 2277 3746 874 3190 3939 4680 3774 293 3709 3874 9 1111 2378 4102 4861 4371 3199 1701 811 
3838 861 1425 3080 4175 2390 1663 2601 2203 4328 4423 636 3827 1789 378 4489 4852 3378 2764 4762 1152 2047 1130 4591 4435 4623 2934 252 1761 2401 2544 879 4502 1069 1103 877 2150 2371 2336 2524 4958 1824 86 2246 4746 2243 4715 4476 9 2815 
1558 3113 3126 2417 1254 2529 2880 845 3438 2058 1860 3779 4249 3330 257 4736 4135 1889 2780 3547 3017 4328 2517 885 4290 3986 2394 3292 3750 4746 4043 986 1975 4285 2502 2985 166 4257 2804 2922 935 4119 1339 4975 4320 3309 557 77 4603 998 
2385 686 1521 1062 1 413 4138 2201 4860 2795 499 4443 1556 2282 2335 4814 2866 656 2041 2135 1481 87 2080 1353 240 4595 1284 119 2380 2659 4528 860 1814 59 1153 2701 672 505 1374 1545 3598 647 4537 4104 1363 680 61 1778 3401 3838 
4847 985 4237 2228 1474 3154 898 3288 230 1064 4149 4867 2809 745 817 2747 1776 613 2548 3073 688 524 2361 479 928 3424 4264 812 521 3339 587 211 4809 2561 4010 1048 588 1065 1249 2669 3965 3768 736 3045 211 4935 1444 4727 3743 3631 
2860 2916 3101 2650 1038 1892 2993 2331 4203 4662 956 432 4808 2887 4711 2239 1254 4445 3303 3871 2597 860 1858 2160 1229 2585 3217 1022 3573 1781 3966 2514 4751 2188 4816 1977 4043 3758 3380 2145 412 3798 1014 74 976 4785 57 625 643 2129 
907 1435 3542 4179 1532 487 3932 4534 2409 4908 2686 661 4844 2182 1119 3159 2206 1947 4162 3149 2456 3883 267 3211 4982 2055 2371 1490 677 257 3296 1165 3791 4165 516 987 4404 3230 4133 4525 779 3579 2093 4625 338 20 1307 3758 754 2704 
2010 4176 4918 2720 1432 2478 4557 4482 105 3394 4126 2830 4013 4273 292 781 3319 1148 146 4564 264 3310 3728 1259 2940 664 2663 4802 1643 3729 1114 1006 3802 1921 3181 3529 4179 1295 3842 3768 2586 4625 1746 1969 2346 3757 1153 548 4048 2190 
1685 2825 1045 2297 3528 1554 1970 1737 2292 2771 4367 2935 3582 4159 820 198 1222 3109 1836 4478 1046 2411 4895 2511 4209 993 4295 345 1223 3809 3701 1985 4046 509 1108 246 2626 2546 3758 2845 3488 1556 4239 4666 327 10 2175 4328 1273 188 
1411 1963 2321 146 1102 3651 1604 150 76 3812 525 3684 2271 3300 4436 4809 4302 2733 879 1698 714 4956 1540 4023 1931 3488 1997 2488 2579 1135 1589 3190 3593 1037 1226 1093 1416 1151 1651 3848 1353 4591 3724 4374 1423 1480 4392 2612 1457 1525 
4478 3715 309 5 2759 3891 99 2930 2271 528 2344 642 1450 4700 1052 1878 2657 3845 1646 4081 2021 3960 1774 466 2892 2854 2347 2302 937 2198 4855 207 3096 2148 3383 1970 4482 2880 2847 2800 1078 1914 1846 4915 3929 1461 3446 4780 2224 1377 
2126 3018 1947 3749 899 4341 4740 2180 4605 3043 424 2080 3222 251 2741 1093 3608 3025 2301 4103 1263 4098 2449 4974 1525 1984 354 449 4109 2392 4636 3905 2098 2273 3917 1176 809 4776 3388 953 2819 3026 4693 2161 2272 3249 2364 190 4721 4619 
599 2599 2884 4639 57 3581 725 3618 309 33 595 4713 2552 494 3097 4896 3674 3895 2262 1610 4829 1084 4983 4234 1071 1505 1395 3145 21 4624 3824 1936 2553 873 1692 129 518 2150 3318 857 2168 508 4670 2401 2729 2983 4490 437 1290 3724 
235 3644 231 2261 1384 690 3982 2177 2505 1770 1713 3426 318 1128 1290 587 889 3622 4015 3946 1009 2941 870 1866 2320 3462 2106 4292 1247 2721 4558 4407 3921 1494 401 253 2910 2923 572 2096 2889 542 2544 637 4739 2618 4803 4799 657 3831 
1980 7 1636 1149 1301 1027 976 489 4489 2885 1167 3236 62 1614 3958 896 788 1907 3816 2429 4542 4414 2354 1531 561 1375 2152 568 1035 1797 2630 1284 4414 1919 3104 4963 2677 1840 2286 4498 1630 2771 4882 3278 3177 3483 204 474 2016 4079 
656 4440 87 3676 4926 4162 2917 1306 3755 104 2259 1795 4886 2164 4261 2346 614 365 4703 2313 2114 1089 1619 1269 1392 2879 4768 1774 1730 3435 3812 1937 2813 691 189 1888 3308 2978 4708 4406 814 3395 1235 1403 4723 9 1336 1726 500 4844 
3643 684 539 982 3253 4012 4225 270 2258 3477 1823 3645 1616 1730 3039 1655 3856 2453 4420 2109 2364 729 2423 3041 3978 1924 3652 705 2864 1581 4164 4623 1248 1051 1324 2248 4438 2175 3045 724 3560 1978 221 4550 4437 249 4151 2077 1121 1232 
4398 1337 800 2573 3280 1449 3601 2127 2401 797 3477 3975 3604 2432 831 509 746 1384 486 246 2580 481 3145 356 3643 2487 4227 2063 2331 2131 272 3251 1362 567 3494 1082 911 1461 399 1635 3145 1413 2446 1514 886 4197 3423 4778 3230 1167 
1885 1025 390 2285 974 3620 4721 3912 3113 3354 3292 1801 3924 461 2113 2055 1871 710 142 187 1765 840 2278 3800 1451 656 1441 2888 4385 2043 184 3330 3226 89 4636 2616 799 3705 839 2632 2328 2549 1114 4273 1877 2278 2665 409 4762 3691 
2468 3476 578 991 3175 2096 1277 2864 229 207 2333 2415 2768 892 4277 4093 1308 3921 2395 2243 3597 2577 2744 4149 3246 4233 1029 3975 3251 893 104 1104 3377 3680 3511 3566 124 2787 1188 2915 3882 3826 1370 2935 3055 828 2215 237 1463 690 
4331 26 3275 2793 3176 1508 1662 2875 1529 1591 3320 586 3776 1270 29 1887 2723 1439 4934 4714 4015 1664 792 155 2696 2033 99 3625 3320 1802 4526 609 2894 2007 2137 2449 1544 2449 1708 2357 4556 2558 1534 4993 3531 4124 1344 152 4167 2178 
2555 2373 535 2743 487 2640 2465 3375 1637 3732 4583 4843 4984 639 933 1137 1663 833 3713 3644 1558 1344 1772 2933 2470 4202 1760 2378 4610 2573 355 278 460 4844 1163 328 2023 2931 1154 2017 158 2413 4333 960 692 1475 87 3457 2014 2352 
4651 2846 4990 2235 4169 2307 993 653 3800 2056 483 1444 1518 2163 4801 4094 3724 2980 3360 4178 1966 3245 1829 1052 3841 2834 4036 4783 2485 3005 332 3232 4501 582 306 1704 460 1128 2878 2442 4091 1959 4147 566 4449 1185 3715 1677 146 3194 
1986 1038 4658 3205 4801 1688 4020 1456 1302 1497 1278 2983 2978 3655 3048 156 2484 4621 1453 1773 3116 16 4480 2502 1922 242 1427 393 1248 2567 300 3387 4293 4134 17 3273 1444 3178 4885 594 3308 1290 3411 751 2761 2854 4715 1488 1027 131 
2907 1849 3685 1176 1456 1341 4657 4514 1293 4762 3970 3557 1466 2677 666 596 2081 1751 37 2267 2165 97 4237 4802 1852 3363 3936 2949 4103 2275 3271 3346 4375 356 2472 4378 4450 2749 2102 1156 1142 2892 4895 4327 2261 2339 3159 4054 3682 3337 
1380 817 3460 356 1105 4713 592 2573 510 1179 4915 2988 2688 3650 4200 455 4885 2126 1999 469 1307 1681 4095 4152 2953 4676 2013 346 1126 1877 909 190 2720 3580 3241 4539 3760 4135 1880 1525 2941 2138 3800 716 4510 1394 1751 537 2244 3116 
2278 397 4918 4105 1528 1533 4591 1758 1921 4060 1749 2401 3642 1399 2219 2126 1692 198 4882 3219 1219 825 2596 536 4278 4786 641 3436 4652 386 621 2860 1408 670 2881 2948 4144 2723 4936 2843 594 3615 582 3234 2248 211 2788 1445 2567 1590 
4983 3086 1210 243 3362 1742 4508 3374 2513 366 3782 4482 4768 2525 4613 503 4042 1466 2599 1802 3334 860 3512 4694 2703 3488 1424 2338 4324 3347 3095 2354 175 1360 2173 1474 2809 708 595 200 2158 1513 2117 4234 1421 2864 2292 1888 1779 1114 
4647 851 1112 2785 1330 1286 2098 2706 3586 2116 401 294 1847 1139 2171 2169 2683 911 488 1970 2746 2297 2208 477 4818 209 996 4749 4485 2898 603 926 2989 3341 3278 1785 4344 3465 46 241 2708 1882 3276 4335 4797 439 4977 2841 2876 1873 
2399 1256 810 4472 2592 4057 1373 440 893 4708 3642 2684 4554 4828 1892 1905 4056 2310 2491 1311 659 1413 1025 4827 493 3173 865 2760 3202 2743 1145 1840 3222 3341 2578 2613 4372 3327 4525 2117 2729 1084 4080 2638 3807 1556 2178 1638 1886 534 
883 3750 3648 2510 1791 4375 2740 1866 3076 1686 2055 4444 2442 2988 2925 1426 2715 3153 909 3093 811 1594 4566 2879 298 3001 836 3584 1855 1796 4424 3378 3735 2488 4327 4092 2055 879 2690 52 4094 1343 1806 4785 1670 1654 1852 3295 3292 3603 
1700 1900 2254 2687 3685 3675 1430 2323 4248 1583 1028 1331 774 4490 3208 2540 303 454 4352 3850 4997 3028 2294 4173 3865 4339 830 4405 2868 1852 3255 1484 2999 4796 207 1138 1583 4945 3484 1935 4947 1032 3057 3356 4793 1566 1101 2235 2553 2397 
2778 1960 231 3442 1853 928 1398 2421 2409 3665 2515 2353 4489 3162 2736 2796 974 1853 3434 1049 3181 4242 1670 2844 2325 2910 711 189 551 443 4883 3921 4687 4114 3710 1830 3194 134 1479 4846 4920 4859 1554 3477 2988 551 598 1190 2418 1664 
1936 394 3577 1662 1519 2203 1473 2498 3585 1065 942 2118 3934 1066 685 607 2204 1079 3078 1937 3475 3397 131 4266 2730 2953 2152 3338 2408 1232 3964 4865 2928 350 135 994 1663 797 4164 1014 3312 16 2993 4988 4178 840 708 4199 3928 3663 
3440 952 4585 1363 4137 1167 2465 4165 556 2292 1288 683 2755 4378 4769 4563 1264 1278 2102 745 623 2052 610 2451 4832 2324 2919 3987 4645 3507 4082 3244 857 3412 379 1304 2986 4000 4169 617 1417 4260 4261 3807 4728 3354 4501 2874 1707 4867 
3437 1745 1561 3900 1577 4970 1996 1246 3062 522 3943 682 2081 4767 3777 3324 4256 3980 2592 2599 2696 3165 2055 3330 2343 3068 4074 4106 611 4171 1921 192 4098 1691 1483 3468 2060 2684 1893 4418 341 1430 1612 964 3255 4368 1359 776 1912 1654 
3280 4259 4352 552 501 206 3222 737 1546 3105 3571 766 3697 3997 2583 1680 380 670 4354 2435 4874 4513 3326 1431 609 2057 2683 4998 1332 865 2411 3096 245 3205 2424 3340 3891 601 4114 4520 1151 4287 3069 4554 4004 267 1290 3152 2574 4041 
2741 2341 396 3050 3415 1749 456 1362 4661 267 4903 301 417 808 1396 588 2183 511 4538 4074 603 1391 154 748 2473 2553 4985 2369 1613 2442 638 4582 2412 3947 3091 4861 4842 2343 4465 438 4933 1133 2385 806 2890 1031 3440 1720 4279 634 
1626 194 569 4295 2379 281 2671 4665 2890 3679 1079 160 2638 2452 3311 613 4998 2554 206 2447 1436 542 692 3141 961 2412 159 1509 1871 4378 2415 2933 4514 144 797 3216 2137 2069 4927 3147 4140 886 2815 3952 430 275 4598 4122 2261 2050 
4403 2259 1192 4321 1112 259 3528 1230 382 954 2673 497 1207 3447 2203 4580 365 1337 4765 2761 794 374 2033 3989 15 1899 2430 4299 1881 3076 1201 349 2928 180 2885 4655 4050 1039 2085 1148 1784 117 2856 3941 4487 3874 2797 1310 650 580 
2158 931 2734 1076 2809 1300 1470 817 2540 3237 1680 1729 3314 4457 1879 4954 2852 816 2114 4152 1041 2134 3190 2415 985 502 303 492 646 4847 1933 4903 4469 2086 196 2867 1811 3907 3268 2330 2923 496 3571 1690 4199 232 2415 2452 2293 4005 
4361 3391 4980 1933 1254 1608 3886 2901 3152 2470 3137 1854 4556 1467 2337 3119 1845 3485 1792 1747 2633 1261 65 3109 274 1919 4097 4073 1296 1124 2359 2885 3525 2668 4821 4368 1002 1352 4407 1321 2280 1864 3900 3467 3929 3936 731 3928 2791 3016 
2912 4763 1853 3403 3175 1107 1493 4264 3959 157 3114 2616 763 2512 2096 1015 2197 3807 4752 111 884 4570 80 2545 136 4671 3826 4709 106 3032 4596 3901 2738 3980 1048 3820 252 3146 3381 692 1074 1506 3061 2849 1240 407 3472 4816 611 163 
2658 2317 980 3921 1464 1811 4756 993 321 2692 1944 3647 3570 2003 3478 3733 938 1848 856 2578 1304 525 674 1154 3626 3711 783 481 1343 575 440 4427 471 3369 2847 341 25 3772 2545 4041 621 3291 4282 917 1939 4 4214 3902 2308 2255 
2269 2452 4848 433 2094 3749 3431 826 175 4110 2540 451 2772 367 2310 708 1198 3423 1337 429 2926 2663 1997 115 2882 4683 3910 702 4199 4911 1540 4081 2792 4975 2811 513 4846 3946 3397 4089 1225 1831 3111 3421 2798 2831 4593 2742 3465 2989 
4658 1670 2732 92 4019 1044 2832 3945 675 4786 100 497 619 2869 60 4283 443 2677 3083 1945 45 4365 1229 3874 1087 1349 350 2212 1567 1615 3639 3025 1226 1967 3434 4568 158 462 1939 1861 4338 3064 450 475 1594 132 4423 1977 2206 1724 
3365 1794 493 4023 1810 1866 1486 3451 437 4445 848 3206 1737 4442 3731 3679 1681 2641 1182 952 2340 4593 1754 928 1196 4669 2111 1118 25 3280 1782 2040 1891 318 4695 4165 2312 2660 2467 4599 2707 3779 2348 437 1030 81 1844 1519 3225 1409 
691 2140 3891 4156 1229 4425 688 1752 4884 3115 4803 3648 1530 1431 2270 2652 4897 4631 3641 4506 4710 4248 1447 541 4347 1658 1351 2477 1685 3087 1761 1815 2885 2384 239 31 283 4188 1918 3171 3223 1611 2181 2697 4098 2290 2750 4476 2253 4535 
4954 347 4807 1975 586 2835 725 4494 2483 3326 3053 567 90 2043 2565 477 1592 3624 114 1506 287 1454 1042 3597 1606 1436 4741 2129 3450 2551 4674 1187 4206 2288 1870 2476 1995 4309 2123 305 1307 1253 502 1799 3955 4126 4593 19 879 3274 
1675 2248 3067 4138 2316 2034 1855 1640 1773 3579 202 4179 1743 3404 2603 2663 924 3335 1651 2460 3619 1954 191 1808 2799 1975 973 639 1666 3345 2588 4242 4598 2409 2705 373 4389 1922 4423 406 1649 1626 2943 2211 2038 2042 2377 1898 1207 1720 
2938 2023 2054 1043 2526 778 4624 3638 3399 239 2080 3761 1694 954 3267 3100 1290 2090 4133 4229 4599 3365 41 4140 1249 2804 806 621 1785 3953 1712 2686 1647 2118 4869 138 497 4800 410 2221 3666 1588 1964 3305 2502 3065 2979 1088 549 3990 
4555 3659 927 2005 142 4114 4871 2664 2823 2469 2875 3642 2344 1411 442 4106 2870 1080 4543 2980 3803 2740 1077 4432 3044 3290 4268 3855 1012 2190 2387 4627 3729 3651 3510 2510 1054 1892 3202 4574 3465 1881 950 480 4989 2653 2700 3194 4163 4445 
1129 4117 2132 1403 113 4059 4346 996 3343 4069 3864 2878 44 3096 327 1919 2940 761 3330 2938 273 1863 1476 1355 4571 3672 2985 1829 2597 4598 218 4545 2742 3403 4709 2930 4358 1835 3261 2975 1567 842 4477 2512 239 4038 851 2141 835 4565 
2274 2835 293 633 128 961 3857 4355 1650 4474 557 151 4805 2195 663 3495 4527 1000 339 4674 12 3978 4037 4310 13 2268 3796 403 4638 1734 368 3658 1871 2289 3806 3071 3829 1204 2185 58 4986 2942 3338 3924 595 4181 2195 3440 2096 3878 
4225 4495 425 3030 4641 466 4615 3977 1180 3457 3856 2385 205 4169 3087 2122 4835 2438 2052 4091 3954 3541 1744 775 2879 3837 4251 1557 2363 4750 1073 1644 4055 2603 4851 2891 1058 2765 3338 1825 3031 2240 3505 4520 2802 225 3340 2743 972 2008 
2099 3136 1821 3954 4355 2798 2986 3355 4111 1348 519 866 2635 3338 3046 309 314 2825 1457 1591 992 114 1860 4639 4186 1761 1639 4578 1492 2984 3290 3900 1875 585 2770 2915 1701 2795 411 1485 806 2082 4270 4387 3869 4816 4054 2237 598 296 
565 4256 3832 1037 2588 3550 4329 2006 683 4677 3393 3492 4197 2474 4349 4655 3736 3431 2413 830 3243 547 568 3790 2249 2609 3846 4286 4574 788 623 4808 1367 1 4562 3601 2542 2949 2968 2421 462 4897 1338 573 3508 1475 855 3370 983 3207 
3803 3159 2514 3941 1925 2474 1879 1989 3088 2843 4510 2744 373 1832 2334 4993 638 2472 1459 125 1429 3374 297 1542 4606 2881 1216 1886 563 2418 1265 1874 2399 621 1663 76 4541 2868 3305 1446 1866 4472 3407 1596 4896 3345 1267 2329 2660 2432 
3179 677 4410 1739 2228 3381 3391 1425 1953 1307 2168 1759 2891 1528 1713 3641 3235 1207 3144 1749 3767 3524 1364 4973 985 2981 3144 2291 1990 2032 3748 618 4485 213 1670 890 4854 2805 404 101 4454 1811 1037 3392 4664 121 1169 1068 4949 4599 
3063 1325 3224 3768 4750 3570 1067 2013 3061 3654 1046 1590 3470 4286 4034 3189 4104 173 32 4670 4269 156 935 2621 2068 1982 4174 3606 480 1331 1934 1362 4688 843 428 1344 1640 4070 2654 2651 2031 2850 1540 2115 74 812 2889 1838 4370 434 
641 760 3362 2960 2181 2433 756 1465 37 2094 4732 753 3422 386 4012 521 2388 119 3634 403 4385 2167 1431 2334 367 2184 4329 4924 4523 2239 4027 4026 1122 4252 1971 2767 1920 3791 3197 2817 1358 4321 3766 237 4356 1639 4860 2077 440 3650 
1012 1615 2309 610 3771 531 2144 2300 2377 2005 4279 481 1931 2036 867 1321 4136 1186 1287 2552 551 4678 4337 2560 1639 1342 3785 2863 3886 3200 3103 4659 3806 4107 2114 1339 4397 4601 814 2127 652 2024 2678 3731 2538 4290 4131 1768 345 2177 
523 4579 4578 2727 2893 4402 1621 2981 396 2884 3348 850 3762 561 192 2703 1895 3794 1483 3744 810 1026 2032 2301 4879 4701 3136 4346 2354 87 303 2588 43 4585 4870 3613 1971 3208 666 4186 3589 1070 564 723 752 2932 1402 3506 4389 192 
1039 4824 356 3052 311 3580 683 4415 3845 2269 1305 473 160 4386 2672 2825 3851 3256 306 960 2708 3573 1334 99 3456 2250 1738 277 1277 3814 1971 1060 1903 2280 931 3653 1799 3421 2298 4442 385 4627 8 739 3053 4125 874 2867 1777 1312 
