32 125 229 273 619 633 735 786 886 1004 1061 1074 1235 1426 1595 1671 1682 1708 1981 2009 2096 2105 2141 2771 2920 2993 3088 3224 3231 3405 3498 3591 3601 3638 3650 3890 4001 4017 4115 4228 4434 4488 4501 4552 4556 4606 4762 4813 4844 4882 

39 55 337 482 635 661 704 996 1046 1081 1155 1156 1215 1412 1428 1442 1592 1746 1746 1830 1855 1997 2226 2243 2277 2474 2723 2749 2980 3041 3196 3224 3326 3592 3847 4404 4411 4415 4450 4474 4526 4569 4605 4614 4617 4697 4703 4843 4912 4950 

2 106 257 294 333 604 956 979 1028 1312 1379 1436 1669 1678 1743 1774 1782 1801 1962 2081 2183 2189 2189 2304 2339 2348 2349 2419 2530 2580 2675 2782 2788 2826 2886 2998 3082 3483 3590 3647 3831 4000 4003 4081 4289 4332 4459 4487 4521 4789 

133 238 247 250 284 376 414 536 582 727 944 959 1050 1178 1191 1407 1600 1603 1608 1639 1966 1978 1978 1980 2355 2367 2485 2680 2698 2764 2996 3047 3066 3072 3160 3174 3293 3320 3851 3957 3981 4068 4161 4314 4570 4610 4751 4803 4936 4985 

196 287 289 332 621 673 725 787 789 1158 1298 1502 1536 1776 1782 1809 1858 2091 2178 2236 2236 2294 2474 2583 2762 2859 3235 3389 3407 3506 3574 3576 3661 3773 3809 4070 4140 4197 4295 4318 4382 4423 4428 4467 4496 4504 4513 4873 4921 4934 

47 163 310 339 378 408 643 745 909 1017 1060 1077 1106 1169 1180 1319 1333 1337 1409 1430 2005 2108 2281 2288 2453 2771 2862 2871 2918 3294 3300 3341 3453 3494 3536 3538 3623 3769 4072 4141 4166 4182 4333 4383 4544 4587 4761 4762 4898 4941 

115 232 379 513 516 589 659 903 1035 1055 1259 1313 1419 1504 1761 1801 1937 1943 2009 2109 2204 2251 2311 2357 2531 2590 2691 2714 2862 2864 3050 3123 3131 3245 3340 3547 3579 3681 3837 4026 4034 4086 4278 4289 4465 4495 4653 4665 4766 4896 

25 56 81 116 173 320 622 730 841 883 920 937 942 971 1077 1087 1114 1228 1322 1467 1669 1888 1999 2023 2054 2119 2157 2198 2398 2588 2607 2622 2711 2814 3548 3595 3711 3831 3850 3989 4100 4227 4238 4269 4317 4567 4653 4681 4794 4949 

23 64 212 223 359 523 603 649 831 851 894 1008 1094 1146 1237 1251 1315 1442 1492 1550 1666 1741 1784 1873 1912 1935 2130 2132 2181 2300 2423 2636 2670 2902 3032 3388 3497 3499 3653 3949 4096 4194 4408 4416 4438 4445 4497 4597 4610 4717 

189 246 261 291 673 772 961 1055 1352 1601 1603 1667 1703 1836 1854 2101 2193 2405 2447 2465 2543 2635 2653 2653 2731 2775 2850 2857 2943 3042 3111 3155 3202 3357 3366 3400 3496 3768 3787 3824 3858 4025 4190 4242 4249 4271 4660 4670 4676 4797 

61 198 214 464 591 697 769 781 847 889 985 1017 1082 1209 1259 1543 1545 1609 1667 1790 1975 2094 2133 2141 2314 2409 2485 2509 2630 2677 2682 2794 3157 3530 3556 3562 3813 3853 3875 3881 3921 4286 4365 4370 4473 4529 4590 4626 4821 4969 

157 196 281 470 608 638 1215 1329 1377 1522 1547 1551 1564 1686 1779 2111 2221 2315 2319 2422 2480 2588 2667 2731 2866 2868 2945 3041 3090 3118 3154 3182 3310 3476 3655 3683 3764 3786 3872 3875 3938 4002 4131 4280 4484 4517 4807 4892 4969 4990 

13 26 73 129 338 514 544 673 853 901 910 910 1007 1104 1192 1314 1330 1463 1653 1667 1852 1877 2007 2302 2675 2696 2709 2726 2748 2759 2819 2848 2943 2966 3101 3272 3291 3489 3566 3685 3772 3782 3815 4193 4437 4596 4661 4836 4910 4939 

98 333 345 696 776 809 847 861 1293 1335 1350 1411 1432 1521 1522 1543 1559 1686 1760 1907 1919 1946 2088 2138 2316 2431 2462 2534 2871 2897 2938 3195 3229 3272 3330 3392 3482 3558 3611 3627 3713 4077 4141 4212 4290 4362 4466 4658 4753 4904 

146 165 292 393 422 443 526 547 710 870 1035 1118 1139 1226 1249 1297 1403 1510 1542 1577 1606 1796 1805 1872 1977 2015 2129 2141 2144 2302 2312 2416 2473 3074 3100 3106 3179 3257 3380 3525 3609 3816 3868 3910 3940 4044 4068 4137 4616 4675 

74 391 461 468 517 540 764 833 1107 1227 1304 1326 1356 1469 1509 1515 1516 1789 1807 1835 1838 1878 2002 2020 2161 2225 2296 2479 2651 2726 3145 3241 3252 3326 3414 3542 3547 3570 3773 3784 3952 3962 4030 4198 4242 4458 4589 4608 4793 4910 

64 65 131 287 298 368 414 545 639 724 769 818 904 1134 1176 1259 1315 1318 1685 1751 1783 2121 2201 2347 2490 2545 2607 2759 2943 2977 3087 3105 3251 3316 3464 3560 3746 3816 4025 4063 4094 4154 4229 4262 4293 4333 4347 4685 4770 4869 

123 142 300 337 362 424 525 608 936 1139 1174 1248 1324 1404 1513 1785 2001 2060 2111 2230 2315 2324 2353 2354 2560 2594 2754 2906 3054 3199 3243 3402 3409 3479 3635 3643 3758 3787 3896 4010 4066 4086 4222 4511 4576 4653 4654 4724 4796 4935 

180 185 195 360 462 480 490 512 1043 1473 1557 1884 2036 2215 2224 2246 2268 2430 2471 2488 2530 2666 2671 2883 3040 3081 3170 3236 3366 3490 3588 3721 3745 3856 3870 3911 4168 4183 4376 4397 4488 4535 4579 4584 4599 4738 4862 4867 4919 4944 

70 71 127 283 439 625 673 791 839 879 1131 1331 1384 1503 1583 1587 1637 1876 1885 1898 1950 2059 2241 2252 2272 2273 2351 2510 2518 2533 2571 2727 2780 3086 3119 3160 3403 3577 3604 3669 3700 3705 3744 3978 3985 4008 4572 4730 4765 4817 

160 162 176 205 247 363 441 447 522 534 593 614 635 659 763 831 837 915 921 1121 1153 1288 1374 1448 1492 1678 1765 2010 2157 2239 2359 2592 3253 3269 3347 3392 3508 3554 3671 3706 3992 4024 4089 4126 4171 4334 4545 4722 4820 4901 

10 119 265 270 481 513 659 791 797 847 1185 1292 1410 1428 1644 1744 1814 1846 1931 2011 2132 2263 2313 2335 2415 2597 2613 2626 2765 2791 2914 3029 3084 3085 3180 3627 3673 3803 3877 3904 4051 4079 4147 4219 4394 4428 4756 4844 4943 4996 

67 161 183 188 394 525 597 640 678 719 734 788 854 861 927 973 1152 1164 1188 1392 1550 1571 1610 1618 1640 1711 1774 1840 2093 2194 2330 2423 2474 2529 2718 2722 2755 2959 2974 3249 3308 3591 3599 3864 4009 4563 4635 4692 4726 4899 

158 229 348 431 527 577 590 693 711 762 916 971 975 975 1034 1207 1368 1536 1590 1648 1688 1806 2009 2028 2070 2073 2158 2299 2505 2531 2607 2629 2647 2719 2865 2973 3100 3337 3500 3621 3706 3983 4234 4250 4346 4434 4595 4612 4933 4973 

69 167 202 276 320 380 402 414 504 537 551 610 705 837 919 1117 1152 1179 1378 1493 1599 1851 1922 2134 2266 2319 2370 2402 2608 2763 2801 2978 3002 3082 3194 3233 3374 3507 3514 3737 3766 3969 4036 4187 4503 4516 4701 4753 4754 4929 

168 307 348 472 519 592 643 685 792 860 1058 1109 1137 1174 1230 1581 1609 1731 2017 2156 2164 2191 2198 2200 2236 2361 2552 2554 2819 2888 3209 3340 3407 3480 3505 3575 3710 3720 3791 3820 3832 3875 3958 4185 4202 4677 4759 4772 4907 4974 

95 280 372 390 403 407 415 476 575 590 607 915 961 1318 1433 1537 1560 1691 1725 1759 1833 2031 2178 2249 2266 2533 2728 2971 2985 2985 3138 3198 3299 3327 3468 3560 3597 3636 3659 3668 3794 3870 3872 3924 3999 4050 4059 4157 4457 4967 

43 53 71 135 264 295 338 346 452 571 705 988 989 1194 1207 1243 1497 1611 1663 1838 1873 1894 1919 1926 2232 2390 2449 2535 2558 2583 2669 2996 3010 3169 3266 3293 3347 3545 3670 3759 3952 4191 4311 4344 4361 4545 4718 4719 4836 4960 

53 72 117 220 406 410 509 582 654 804 848 873 874 900 902 960 1277 1282 1302 1359 1571 1761 1773 1925 1958 2256 2265 2596 2721 2773 2805 2983 3107 3118 3238 3361 3747 3754 3914 4112 4135 4145 4163 4184 4224 4366 4615 4724 4962 4984 

28 295 624 646 669 691 702 804 879 901 919 1010 1053 1078 1223 1389 1429 1744 1894 1919 2000 2152 2209 2243 2254 2333 2337 2374 2436 2559 2642 2751 2779 2944 3056 3109 3173 3326 3383 3452 3675 3785 3865 3919 4053 4063 4136 4556 4591 4804 

61 153 193 301 382 407 557 567 616 723 778 1046 1116 1220 1284 1368 1481 1817 1978 2073 2125 2318 2369 2448 2478 2596 2661 2703 2810 2995 3027 3048 3189 3235 3274 3313 3372 3509 3567 3621 3629 3849 4198 4202 4476 4641 4689 4805 4958 4993 

217 330 420 590 635 652 660 706 770 844 908 952 960 981 1047 1108 1181 1519 1595 1607 1792 1854 2102 2138 2243 2307 2362 2367 2406 2566 2753 2842 2947 3041 3227 3335 3511 3520 3710 3775 3777 3927 3980 4027 4056 4207 4350 4437 4514 4896 

39 53 158 333 754 954 1188 1227 1342 1389 1413 1642 1926 1929 2037 2048 2050 2258 2280 2388 2404 2555 2668 2703 2707 2820 2893 2989 3103 3104 3224 3229 3474 3631 3744 3889 3922 4055 4151 4287 4350 4431 4473 4487 4759 4802 4842 4852 4896 4925 

96 111 318 635 639 690 746 873 877 890 1023 1029 1065 1174 1282 1308 1316 1325 1418 1435 1538 1608 1939 2018 2254 2255 2287 2626 2669 2729 3018 3063 3105 3107 3232 3235 3326 3444 3679 3746 3840 4062 4066 4067 4188 4237 4323 4482 4752 4873 

117 155 545 631 750 762 836 851 1019 1145 1150 1373 1569 1816 1860 2004 2032 2084 2163 2228 2257 2306 2361 2455 2521 2612 2863 2895 2951 2994 3088 3348 3353 3574 3588 3789 3870 4061 4070 4295 4309 4392 4473 4527 4579 4586 4593 4700 4721 4993 

125 168 217 230 592 678 804 842 945 1486 1500 1721 1801 1965 2106 2174 2285 2339 2414 2418 2493 2616 2675 2929 3032 3147 3205 3271 3437 3474 3498 3648 3728 3746 3890 3902 4049 4142 4142 4172 4207 4261 4342 4395 4549 4783 4808 4871 4890 4957 

27 396 454 497 790 859 951 1010 1067 1260 1265 1376 1442 1503 1657 1678 1987 2012 2075 2202 2216 2272 2414 2493 2560 2879 2905 2964 3168 3263 3310 3317 3351 3404 3462 3507 3725 3734 3973 3985 4059 4248 4250 4467 4554 4593 4668 4701 4897 4958 

103 147 210 313 484 501 604 644 712 748 762 763 792 869 952 966 1313 1436 1521 1573 1645 1740 1800 1939 2015 2386 2512 2531 2960 3124 3143 3228 3291 3307 3352 3436 3584 3657 3685 3867 4042 4273 4468 4635 4666 4695 4849 4879 4919 4939 

1 176 262 279 349 377 377 424 461 509 693 784 808 1378 1382 1489 1550 1606 1840 1843 1922 2000 2013 2130 2190 2250 2364 2672 2737 2780 2988 3041 3187 3245 3260 3490 3654 3736 3813 4179 4320 4397 4514 4537 4548 4661 4685 4694 4755 4888 

146 285 323 354 360 374 531 638 640 682 815 900 952 991 1013 1040 1064 1142 1359 1459 1594 1608 1612 1724 1954 1969 2038 2156 2786 2798 2806 2879 2891 2966 3062 3147 3366 3427 3882 3963 3994 4006 4173 4261 4306 4528 4652 4660 4744 4939 

81 236 263 569 611 702 703 729 735 764 963 1569 1663 1710 1816 1839 1964 2080 2101 2166 2209 2256 2304 2309 2350 2371 2478 2734 2748 2834 2850 2892 2964 3072 3077 3197 3458 3616 3904 4029 4176 4220 4326 4335 4460 4550 4817 4862 4897 4967 

47 193 333 356 556 583 600 624 695 699 772 900 974 983 1124 1191 1235 1272 1386 1506 1756 1827 1858 1965 2123 2208 2346 2444 2456 2721 3018 3074 3278 3692 3741 3758 3919 4092 4108 4227 4312 4382 4474 4553 4554 4610 4638 4830 4917 4989 

60 109 185 286 429 475 564 601 627 805 919 936 956 972 999 1166 1258 1273 1354 1599 1616 1776 1791 1869 1928 2112 2184 2194 2198 2622 2626 2870 2910 2940 3164 3313 3568 3608 3670 3733 3744 3841 3859 3899 3936 4206 4239 4253 4288 4566 

36 165 363 375 399 642 703 850 888 942 1025 1050 1090 1130 1244 1286 1354 1475 1526 1570 1581 1599 1727 1794 1930 2088 2169 2517 2530 2657 2848 2905 3031 3053 3104 3187 3412 3505 3551 3639 3928 3934 3976 3994 4046 4139 4767 4830 4935 4978 

82 263 281 294 322 487 566 655 655 751 882 914 937 996 1000 1097 1154 1242 1458 1552 1574 1652 1685 1726 1883 2060 2226 2314 2513 2704 2746 2766 2812 2820 2827 2918 3021 3037 3522 3866 3950 4012 4058 4107 4255 4625 4655 4684 4750 4798 

169 284 499 531 660 716 735 750 912 921 1059 1117 1185 1195 1205 1212 1299 1323 1426 1428 1474 1498 1540 1543 1666 1909 2014 2264 2335 2383 2515 2555 2603 2758 2795 2804 2886 3114 3393 3486 3489 3544 3563 3667 3678 3983 4083 4150 4575 4833 

276 332 427 545 570 689 810 833 1074 1091 1119 1291 1346 1386 1433 1444 1446 1677 1847 1857 2203 2316 2327 2444 2452 2484 2715 2750 2832 2947 2983 2985 3245 3288 3404 3430 3785 3925 3926 3980 4102 4147 4164 4176 4354 4430 4564 4663 4729 4755 

149 266 421 451 651 675 754 849 881 894 1084 1095 1103 1103 1162 1209 1292 1329 1465 1692 1881 1927 1940 1983 2159 2176 2195 2284 2333 2442 2491 2969 3241 3242 3401 3411 3427 3451 3580 3583 3628 3724 3767 4122 4172 4333 4477 4672 4673 4691 

42 96 209 399 438 519 546 585 622 668 681 717 990 1076 1082 1190 1309 1332 1438 1671 1683 1990 1991 2280 2290 2301 2322 2514 2520 2672 2706 2711 2758 2860 2877 3116 3620 3756 3780 3836 3968 4149 4152 4313 4453 4506 4568 4722 4777 4991 

3 403 511 650 669 760 877 930 972 1074 1094 1168 1198 1209 1327 1332 1337 1352 1360 1508 1613 1750 1754 2143 2180 2241 2550 2735 2756 2810 2901 3064 3145 3147 3153 3236 3280 3416 3540 3556 4098 4212 4222 4522 4523 4580 4702 4891 4984 4999 

14 94 164 186 228 262 335 375 415 417 470 612 704 1077 1133 1171 1258 1292 1336 1439 1453 1641 1732 1777 1794 1810 1864 1992 2012 2284 2528 2554 2902 3136 3201 3259 3317 3409 3455 3673 3689 3726 3924 4301 4477 4537 4609 4667 4703 4786 

173 184 270 360 569 600 799 822 906 978 988 1021 1099 1102 1168 1297 1522 1654 1681 1683 1733 1871 1887 2053 2115 2115 2166 2226 2256 2345 2488 2806 2824 2876 2920 2997 3111 3175 3393 3478 3494 3644 3650 3779 4018 4277 4329 4378 4518 4766 

152 166 210 220 307 559 584 665 677 804 823 868 923 1220 1500 1586 1804 1816 2029 2046 2295 2330 2521 2573 2825 2965 3058 3157 3169 3217 3334 3519 3545 3617 3704 3801 3825 3913 3942 4194 4201 4242 4383 4387 4421 4547 4661 4818 4961 4978 

281 285 300 303 406 465 471 553 605 615 750 1106 1187 1377 1392 1640 1642 1998 2010 2018 2034 2275 2373 2468 2487 2529 2539 2604 2709 2758 3071 3077 3123 3185 3323 3381 3509 3711 3802 3903 4016 4133 4169 4204 4207 4502 4623 4636 4655 4677 

44 393 411 424 469 635 682 859 946 1262 1304 1436 1598 1741 1854 2002 2094 2184 2250 2271 2301 2423 2556 2789 2881 2995 3071 3154 3175 3184 3280 3330 3333 3490 3741 3815 4077 4106 4186 4246 4268 4304 4328 4542 4601 4680 4821 4879 4898 4927 

496 541 680 880 893 1048 1181 1234 1264 1278 1475 1553 1577 1682 1864 1929 2093 2143 2143 2244 2299 2397 2497 2631 2768 2834 3000 3003 3168 3361 3361 3404 3506 3541 3553 3612 3638 3688 3736 3823 3942 4303 4387 4403 4528 4640 4659 4663 4906 4910 

43 149 275 480 558 636 867 968 1073 1117 1205 1212 1363 1430 1459 1471 1681 1693 1722 1725 1842 1875 2211 2452 2469 2474 2530 2626 2696 2714 2782 2917 3170 3287 3454 3557 3562 3908 3918 4066 4170 4246 4248 4273 4377 4627 4730 4811 4818 4864 

68 130 161 263 334 346 370 495 630 773 903 961 1021 1264 1306 1317 1522 1570 1576 1675 1685 1801 1897 1966 2364 2418 2461 2498 3046 3071 3077 3128 3309 3395 3547 3609 3797 3818 3842 3854 4064 4216 4281 4288 4303 4331 4365 4637 4692 4946 

51 177 344 504 527 580 639 842 853 927 1222 1259 1406 1424 1528 1634 1679 1854 1903 1975 2301 2315 2459 2461 2841 3047 3064 3113 3226 3325 3332 3341 3394 3542 3560 3584 3674 3735 3991 4040 4074 4164 4179 4490 4576 4676 4834 4836 4896 4929 

74 119 123 299 360 424 500 594 938 1028 1079 1122 1197 1363 1441 1471 1481 1545 1574 1612 1668 1855 1947 2069 2130 2241 2436 2492 2635 2754 3029 3083 3096 3101 3166 3476 3550 3709 3747 3960 3995 3999 4052 4560 4648 4777 4799 4807 4866 4977 

17 62 85 212 339 375 378 415 474 515 545 562 695 875 916 1187 1458 1563 1811 1914 1934 1935 2024 2025 2055 2287 2339 2400 2446 2546 2692 2701 2784 2806 2982 3128 3277 3560 3714 3784 3948 4001 4010 4118 4410 4681 4682 4763 4773 4989 

216 231 332 651 762 798 906 913 961 965 1583 1588 1613 1632 1970 2039 2053 2061 2105 2139 2301 2347 2348 2476 2521 2603 2608 2635 2663 2756 2826 2878 2909 3006 3104 3137 3241 3378 3411 3677 3932 4032 4045 4167 4192 4331 4372 4707 4756 4827 

130 389 423 424 487 711 732 821 938 1160 1480 1482 1514 1517 1648 1675 1705 1828 2058 2172 2253 2397 2435 2661 2934 3102 3473 3495 3635 3927 3956 4026 4032 4105 4262 4337 4412 4473 4542 4617 4692 4693 4703 4757 4767 4768 4777 4781 4884 4985 

45 226 244 376 433 752 859 931 1009 1191 1253 1264 1303 1503 1746 1856 2027 2326 2358 2368 2499 2628 2720 2736 2801 2815 2899 3264 3538 3545 3638 3731 3847 3921 4008 4062 4120 4181 4244 4325 4376 4457 4482 4702 4735 4745 4756 4812 4967 4969 

197 308 490 717 745 778 987 1049 1052 1056 1294 1359 1467 1526 1630 1656 1857 1903 1981 1982 2241 2350 2358 2599 2625 2631 2802 2821 2883 2897 3065 3078 3205 3234 3258 3360 3432 3523 3586 3696 3791 3797 3939 4106 4135 4442 4490 4497 4772 4860 

51 171 198 318 345 370 456 571 585 592 628 686 815 926 1051 1220 1377 1380 1543 1638 1738 1794 1846 1855 1995 2030 2086 2206 2360 2422 2447 2690 2730 2758 3204 3414 3449 3490 3606 3652 3672 3760 4075 4171 4202 4232 4282 4501 4562 4890 

125 186 216 231 526 649 675 705 935 958 1191 1269 1368 1403 1555 1702 1776 1791 1876 1960 2171 2207 2443 2520 2533 2566 2584 2935 2951 3486 3490 3568 3597 3708 3764 3778 3806 3829 3847 3848 3878 4092 4104 4138 4197 4353 4504 4796 4975 4976 

50 78 128 183 248 377 383 482 487 687 695 734 993 1122 1133 1387 1408 1797 1860 2008 2146 2151 2187 2258 2584 2637 2690 2741 2970 3058 3083 3094 3193 3375 3439 3467 3470 3643 3684 3732 3894 4016 4037 4289 4436 4470 4567 4665 4724 4746 

76 129 141 155 423 569 762 776 850 921 940 1079 1375 1405 1560 1612 1620 1637 1757 1759 1964 2056 2134 2171 2191 2318 2319 2414 2421 2494 2574 2756 2855 2898 2980 3176 3185 3428 3652 3887 3924 3924 4230 4302 4331 4452 4607 4831 4859 4973 

63 451 474 521 544 648 660 672 779 820 1099 1236 1411 1464 1718 1834 1868 1910 1968 2084 2160 2201 2215 2222 2257 2403 2425 2616 2804 2841 3045 3071 3093 3110 3431 3473 3501 3800 3855 3927 4178 4368 4431 4674 4691 4727 4794 4846 4917 4942 

18 45 62 110 170 177 243 394 433 468 662 663 807 887 900 1049 1085 1126 1255 1285 1286 1457 1609 1689 1691 1734 1807 1926 2309 2310 2325 2647 2685 2874 2972 3170 3427 3731 3828 4159 4166 4299 4422 4561 4573 4613 4715 4748 4753 4973 

2 35 92 187 211 211 244 374 391 590 872 876 1316 1419 1626 1648 1658 1659 1756 1794 1994 2035 2100 2126 2176 2258 2339 2374 2376 2439 2464 2589 2737 3117 3191 3202 3219 3229 3434 3547 3621 3639 3958 3998 4167 4338 4473 4611 4958 4990 

20 144 243 300 302 390 448 774 820 848 912 937 1234 1241 1265 1335 1389 1488 1854 1886 1973 2097 2104 2238 2292 2375 2382 2452 2523 2548 2601 2681 2707 2936 3091 3801 3835 3840 4089 4240 4261 4308 4395 4592 4715 4727 4890 4896 4910 4998 

422 555 593 784 1091 1130 1235 1236 1290 1315 1353 1371 1372 1530 1680 1810 1875 1878 2144 2230 2361 2388 2484 2561 2594 2766 2843 2912 2912 2936 2996 3115 3307 3325 3337 3356 3359 3416 3583 3756 3962 4208 4376 4445 4460 4566 4781 4906 4954 4986 

20 246 262 269 339 427 444 524 535 548 612 613 670 715 848 850 1164 1311 1517 1687 2097 2205 2262 2268 2316 2316 2546 2567 2767 3001 3034 3117 3120 3144 3203 3322 3421 3602 3722 3916 4052 4116 4215 4319 4535 4568 4597 4705 4755 4904 

159 166 232 293 324 339 375 430 668 808 812 817 1068 1148 1250 1358 1437 1490 1493 1571 1574 1603 1632 1699 1950 2011 2436 2567 2592 2862 3186 3354 3388 3391 3449 3590 3655 3691 3691 3743 3748 3758 3855 4050 4077 4266 4384 4740 4755 4838 

7 185 186 687 792 1121 1236 1261 1295 1443 1473 1552 1717 1795 1844 1996 2017 2071 2087 2204 2370 2532 2666 2702 2756 2767 2827 2872 2984 3146 3206 3206 3404 3410 3468 3588 3600 3629 3755 3817 3903 4235 4274 4335 4450 4495 4621 4666 4822 4863 

314 419 460 626 855 861 991 1002 1075 1104 1159 1250 1281 1328 1373 1459 1513 1653 1740 1764 1876 1961 1986 2023 2048 2067 2235 2249 2266 2375 2686 2778 2866 3155 3464 3698 3733 3800 3901 3920 4089 4116 4255 4328 4330 4398 4436 4564 4590 4858 

108 292 367 399 451 674 746 966 991 1033 1185 1205 1317 1633 1898 2005 2078 2170 2257 2276 2386 2586 2803 2898 2964 2972 3039 3092 3106 3318 3449 3537 3567 3583 3606 3963 3963 4173 4202 4272 4388 4430 4511 4575 4589 4742 4754 4761 4771 4855 

49 97 101 314 489 524 1077 1093 1477 1497 1579 1599 1768 1809 1860 1862 1951 2004 2117 2134 2160 2359 2489 2513 2807 2937 2937 3039 3114 3151 3212 3233 3283 3326 3499 3573 3637 3768 3910 4152 4233 4272 4351 4357 4420 4571 4608 4704 4794 4946 

46 47 74 146 220 320 372 448 688 702 706 804 809 825 1041 1081 1278 1403 1482 1925 2067 2236 2271 2312 2394 2531 2580 2735 2750 2775 2895 2921 2925 2985 3074 3244 3245 3333 3383 3409 3586 4091 4091 4151 4420 4458 4544 4648 4737 4898 

240 249 480 559 607 865 1033 1235 1322 1333 1334 1362 1383 1433 1555 1620 1896 2017 2097 2145 2195 2201 2260 2325 2511 2767 3023 3176 3208 3344 3351 3397 3618 3684 3689 3710 3816 3932 4023 4047 4106 4219 4256 4262 4364 4411 4512 4604 4765 4967 

176 384 408 418 602 863 997 1199 1292 1316 1400 1475 1633 1729 1745 1811 1826 1833 1913 1919 1997 2118 2230 2244 2398 2463 2523 2659 2716 2744 2748 2895 2901 3287 3314 3336 3498 3597 3680 3701 3982 4122 4135 4337 4374 4449 4743 4765 4822 4908 

40 224 513 623 690 773 902 918 1000 1254 1336 1428 1438 1460 1483 1566 1616 1821 1854 1945 2080 2088 2153 2262 2329 2342 2405 2430 2462 2515 2597 2640 2971 3042 3086 3225 3381 3449 3618 3669 4100 4220 4226 4291 4415 4461 4476 4597 4635 4957 

207 458 613 629 763 833 834 898 938 1187 1380 1430 1525 1549 1598 1623 1659 1678 1706 1837 1936 2003 2006 2083 2289 2362 2390 2398 2432 2470 2475 2556 2669 2694 2778 2880 3143 3409 3579 3825 3868 3935 3980 4088 4219 4305 4327 4509 4657 4986 

56 181 233 257 331 488 539 547 879 914 945 962 1034 1162 1171 1509 1529 1579 1651 1671 1756 2102 2130 2159 2171 2221 2350 2641 2651 2693 3395 3492 3517 3568 3644 3806 3831 3840 3960 4009 4297 4389 4422 4443 4539 4557 4564 4770 4880 4964 

223 283 342 382 393 408 519 558 841 892 919 1038 1041 1148 1339 1608 1648 1741 2257 2315 2371 2402 2442 2537 2544 2614 2622 2730 2887 2994 3014 3324 3406 3495 4122 4155 4180 4333 4378 4389 4493 4497 4525 4555 4589 4731 4780 4837 4883 4924 

84 112 195 383 446 447 587 589 701 723 786 873 972 1004 1206 1220 1454 1475 1597 1835 1996 2029 2053 2077 2195 2210 2278 2288 2441 2443 2504 2656 2663 2749 2836 3016 3030 3190 3207 3564 3586 3717 3729 3848 3950 4179 4248 4251 4425 4490 

89 95 119 177 353 706 868 1040 1110 1256 1282 1293 1535 1669 1845 1890 1953 2021 2190 2350 2402 2450 2801 2864 2998 3091 3129 3163 3369 3463 3465 3481 3631 3672 3688 3741 3885 3964 4043 4197 4209 4218 4320 4499 4561 4571 4670 4942 4971 4982 

34 101 132 243 270 556 558 629 789 862 900 933 957 1008 1033 1052 1085 1354 1559 1629 1645 1688 1737 1856 1928 1966 2132 2306 2312 2378 2398 2569 2587 2945 3037 3149 3160 3457 3457 3492 3571 3579 3647 3807 3997 4053 4224 4439 4552 4728 

103 406 572 574 640 784 798 823 908 914 960 1034 1034 1130 1167 1247 1333 1341 1353 1380 1392 1397 1600 1667 1806 1994 2003 2014 2316 2371 2418 2424 2517 2724 3052 3152 3424 3483 3500 3540 3648 3869 3901 4471 4497 4733 4757 4762 4867 4943 

49 58 111 211 407 456 532 554 584 691 849 954 1155 1317 1372 1444 1899 2022 2031 2174 2513 2578 2608 2742 2757 2769 2790 2846 3366 3439 3452 3515 3576 3652 3677 3699 3905 4082 4119 4221 4291 4304 4321 4367 4406 4441 4561 4636 4893 4894 

57 102 209 486 601 630 806 839 845 847 955 983 1020 1172 1340 1456 1470 1573 1582 1894 2028 2066 2081 2194 2301 2647 2747 2822 2912 2924 3055 3138 3367 3482 3487 3533 3632 3935 3987 4003 4114 4132 4180 4253 4305 4320 4411 4469 4510 4902 

2 133 184 201 254 472 551 563 578 840 928 969 1121 1128 1173 1243 1316 1337 1487 1686 1769 2019 2066 2102 2158 2190 2334 2350 2388 2508 2598 2642 3256 3280 3391 3494 3531 3932 4004 4035 4285 4319 4415 4416 4687 4771 4787 4788 4812 4831 

243 258 355 398 675 861 949 1266 1418 1650 1784 1875 1953 2210 2302 2326 2399 2427 2465 2516 2574 2680 2752 2804 2818 2910 2950 2984 3045 3272 3471 3690 3717 3734 3803 3821 3881 3977 4014 4030 4049 4080 4121 4218 4219 4263 4646 4850 4877 4963 

37 93 138 198 205 375 457 550 775 866 1026 1201 1250 1419 1497 1601 1605 1697 1913 2039 2084 2129 2319 2431 2481 2565 2618 2622 2641 2686 2810 2831 2882 2932 3023 3077 3094 3349 3349 3809 3955 4044 4050 4302 4322 4343 4356 4376 4884 4969 

18 128 226 268 407 564 588 592 783 807 910 933 1124 1130 1348 1371 1703 1821 1888 2240 2267 2278 2317 2328 2440 2441 2443 2657 2664 2666 2677 2686 2766 2857 2894 2907 3201 3380 3420 3572 3922 4047 4162 4345 4412 4552 4591 4861 4878 4964 

26 52 116 130 197 289 342 371 390 421 960 1138 1154 1212 1304 1326 1454 1540 1571 1594 1629 1879 2078 2166 2218 2319 2437 2579 2623 2624 2738 2747 3072 3118 3195 3353 3522 3550 3599 3609 3808 3997 4040 4093 4373 4385 4424 4622 4818 4893 

153 174 353 363 404 506 641 741 803 856 966 1010 1016 1209 1306 1451 1531 1709 1747 1750 1916 2016 2177 2356 2402 2470 2558 2722 2816 2868 3151 3241 3256 3344 3345 3389 3617 3623 4026 4156 4204 4272 4358 4375 4447 4648 4707 4839 4870 4990 

288 367 469 572 651 742 745 841 973 1007 1293 1304 1317 1378 1627 1701 1712 1736 1985 2049 2130 2130 2151 2175 2274 2372 2453 2572 2643 2814 2814 2839 2860 2908 3054 3076 3218 3246 3303 3322 3576 4030 4073 4083 4212 4250 4260 4304 4309 4551 

161 184 199 209 295 420 471 577 661 734 848 877 887 1115 1195 1195 1201 1264 1272 1312 1327 1364 1383 1392 1428 1502 1593 1751 1851 1956 2148 2211 2278 2385 3167 3188 3355 3675 3757 4027 4034 4037 4143 4145 4356 4433 4474 4748 4976 4997 

11 82 136 156 163 171 397 440 503 687 715 830 861 982 1092 1115 1235 1378 1431 1459 1779 1780 1812 1828 1958 2029 2067 2500 2718 3074 3125 3125 3423 3466 3475 3586 3613 3879 4060 4160 4203 4345 4355 4361 4470 4518 4602 4626 4699 4728 

58 111 199 228 408 455 570 594 655 891 894 998 1024 1119 1154 1166 1282 1319 1327 1482 1630 2033 2352 2366 2380 2416 2446 2539 2592 2607 2635 2665 2715 2798 3177 3530 3545 3557 3716 4021 4082 4159 4261 4274 4443 4445 4445 4515 4544 4698 

52 67 114 275 287 519 554 675 843 936 947 999 1067 1184 1192 1242 1325 1481 1661 2045 2056 2122 2257 2282 2483 2538 2580 2690 2739 2784 2947 2959 2993 3043 3082 3168 3203 3468 3600 3777 3814 3864 3896 3935 4167 4169 4238 4485 4553 4560 

67 428 430 478 508 783 824 897 912 932 995 1086 1193 1297 1552 1568 1575 1688 2022 2045 2149 2194 2196 2289 2398 2537 2552 2587 2692 2694 2792 2984 2986 3016 3043 3080 3196 3218 3452 3456 3514 3584 3704 3850 3876 3936 4164 4434 4657 4955 

95 198 391 591 648 715 760 859 1010 1077 1151 1153 1153 1217 1217 1280 1426 1557 1734 1811 1860 2010 2132 2145 2223 2233 2386 2488 2642 2660 2726 2800 2872 3479 3663 3716 3726 3903 3928 3932 4040 4197 4301 4324 4386 4592 4594 4641 4656 4985 

48 53 290 370 545 652 708 787 837 859 927 934 1158 1187 1410 1522 1726 1915 1954 2217 2275 2297 2358 2370 2373 2558 2634 2638 2832 2834 2896 3026 3050 3086 3106 3108 3114 3514 3638 3694 3796 3995 4279 4438 4455 4558 4770 4855 4923 4932 

49 125 177 253 382 385 392 582 668 674 702 732 817 888 891 988 1009 1056 1165 1226 1231 1233 1320 1340 1419 1446 1452 1510 1603 1742 1757 2365 2455 2732 2922 3162 3233 3508 3509 3618 3652 3659 3760 3855 4170 4291 4391 4598 4705 4750 

12 251 311 321 330 347 410 576 583 708 738 769 773 991 1072 1075 1108 1254 1282 1284 1379 1399 1502 1677 1683 1704 1883 1907 2024 2085 2133 2189 2209 2237 2411 2545 2677 2869 3055 3119 3577 3622 3758 4185 4219 4614 4750 4925 4960 4974 

9 80 104 200 261 287 360 372 407 538 834 894 1107 1217 1284 1408 1459 1502 1566 1572 1592 1624 1722 1962 1988 2159 2165 2382 2596 2644 2686 2767 2999 3293 3685 3901 3907 3908 4045 4123 4196 4411 4412 4421 4563 4611 4660 4711 4758 4934 

85 245 252 279 343 915 960 1175 1646 1794 1817 1888 1980 2011 2071 2103 2109 2135 2282 2293 2388 2447 2479 2587 2637 2735 2972 3018 3122 3122 3285 3463 3682 3684 3742 3922 4009 4106 4110 4143 4289 4469 4601 4624 4723 4760 4762 4812 4910 4930 

4 80 213 336 394 432 451 638 815 911 971 1028 1029 1189 1326 1368 1402 1442 1485 1502 1541 1569 1600 1651 1729 1837 2096 2117 2345 2632 2683 2703 3258 3634 3766 3804 3860 3961 3979 4093 4141 4145 4169 4223 4227 4340 4460 4807 4845 4846 

87 167 231 236 290 298 413 690 783 785 815 991 1078 1149 1337 1358 1625 1842 1919 1949 2000 2118 2281 2319 2403 2425 2514 2541 2666 2940 2982 3230 3341 3346 3410 3412 3481 3545 3609 3689 3886 4233 4348 4486 4560 4585 4617 4715 4759 4912 

73 108 204 231 262 426 549 761 932 933 935 997 1150 1273 1369 1397 1516 1538 1756 1817 1858 1928 2128 2180 2231 2248 2348 2386 2398 2430 2464 2488 2526 2766 2784 2825 2887 2932 3060 3277 3486 3712 3723 3954 4024 4048 4203 4473 4511 4586 

271 637 655 718 796 892 1028 1048 1181 1376 1490 1511 1518 1655 1726 1780 1822 1824 1861 1987 1993 2012 2175 2229 2348 2458 2607 2696 2768 2781 3257 3359 3380 3389 3406 3481 3919 3983 4061 4073 4080 4107 4186 4268 4363 4365 4474 4690 4855 4918 

20 23 45 75 248 328 345 384 386 394 431 489 493 545 672 725 796 834 971 1001 1115 1310 1591 1948 2112 2406 2456 2521 2535 2710 2710 2843 2855 3026 3153 3278 3338 3405 3546 3578 3699 3858 3878 4166 4287 4438 4508 4603 4735 4754 

12 67 180 196 417 523 544 563 623 705 741 747 759 963 971 1246 1334 1357 1563 1680 1698 1931 1956 1960 2162 2266 2319 2364 2369 2611 2695 2749 2882 2979 3076 3149 3364 3436 3528 3636 3718 3946 3970 4137 4235 4350 4489 4503 4792 4948 

113 123 150 172 207 219 423 696 977 1331 1355 1650 1687 1837 1875 1909 2007 2043 2097 2160 2217 2221 2257 2287 2339 2413 2493 2662 2707 2774 2999 3013 3020 3024 3228 3233 3248 3281 3315 3524 3612 3746 3887 4229 4335 4370 4445 4650 4840 4845 

117 120 147 185 343 390 529 762 826 929 959 1206 1235 1395 1547 1550 1584 1623 1722 1741 2128 2156 2187 2298 2422 2489 2552 2611 2707 2756 2789 2871 2876 2883 2898 3032 3049 3072 3106 3338 3534 3696 3752 3805 3807 3971 4459 4502 4576 4606 

27 141 151 170 381 397 411 497 594 698 779 1067 1147 1252 1275 1317 1357 1430 1656 1739 1764 1787 1845 1870 1910 1915 1963 2009 2089 2254 2260 2338 2407 2652 2781 2875 3417 3592 3623 3637 3640 3792 3937 4134 4252 4270 4317 4427 4851 4995 

198 221 289 293 570 624 767 819 877 938 1030 1055 1093 1136 1136 1189 1234 1469 1582 1696 1698 2036 2071 2106 2125 2338 2462 2661 2676 2781 2958 3221 3568 3584 3676 3817 3927 3992 4059 4123 4147 4158 4204 4208 4236 4603 4670 4877 4878 4999 

78 344 467 574 638 762 942 1006 1255 1523 1526 1608 1681 1839 1845 1993 2032 2145 2249 2301 2312 2367 2379 2542 2561 2647 2668 3076 3274 3330 3398 3440 3455 3587 3763 3860 3925 3931 3941 4144 4371 4467 4496 4547 4572 4672 4812 4869 4874 4988 

149 190 248 482 507 513 596 597 679 820 926 1262 1273 1274 1449 1601 1858 1871 1949 2017 2179 2211 2244 2333 2400 2404 2519 2628 2842 3204 3343 3381 3652 3718 3722 3727 3752 3848 3856 3897 4074 4128 4169 4217 4279 4339 4370 4581 4597 4608 

4 195 507 570 575 647 696 761 912 965 998 1075 1141 1299 1604 1647 1710 1757 1797 1801 1953 2016 2019 2193 2565 2632 2674 2838 2916 2982 3249 3290 3295 3352 3423 3565 3741 3757 3891 3906 3941 4111 4429 4571 4590 4712 4762 4894 4928 4928 

185 195 244 454 497 708 754 755 1150 1257 1418 1423 1587 1659 1797 1937 1947 2085 2127 2212 2226 2240 2304 2552 2839 3045 3120 3158 3516 3547 3555 3659 3676 3682 3742 3846 3904 3915 3961 3987 4022 4219 4242 4271 4304 4361 4515 4771 4965 4984 

2 198 251 340 397 479 597 691 700 736 892 1133 1179 1229 1306 1408 1693 1737 1786 1823 1854 2028 2130 2146 2320 2336 2423 2438 2597 2709 2754 2916 2943 2969 3025 3091 3327 3350 3365 3412 3490 3568 3652 3727 3830 4253 4269 4353 4640 4934 

45 82 316 480 534 571 675 870 1030 1105 1309 1549 1713 1763 1801 1812 1822 1868 1915 2272 2297 2387 2390 2489 2643 2898 2905 3002 3092 3232 3278 3366 3507 3626 3847 3917 3959 4020 4126 4277 4390 4406 4484 4520 4728 4804 4853 4917 4953 4987 

3 51 71 114 115 126 208 357 453 693 861 862 909 935 948 1024 1043 1139 1161 1193 1279 1298 1334 1575 1762 2318 2387 2431 2459 2467 2656 2723 2786 2954 3109 3128 3168 3287 3417 3505 3632 3702 3997 4114 4138 4418 4496 4511 4651 4659 

42 120 137 152 168 219 311 397 471 576 708 817 874 916 934 1147 1264 1377 1456 1522 1541 1636 1814 1940 1998 2228 2351 2381 2442 2589 2751 2901 2926 3161 3605 3666 3719 3784 3785 3835 3926 3945 3959 4215 4352 4440 4525 4697 4828 4848 

44 59 71 88 96 343 440 698 859 939 980 1016 1017 1209 1248 1347 1407 1416 1437 1469 1619 1623 1648 1703 1748 1775 1856 1992 2004 2145 2160 2372 2379 2409 2416 2547 3055 3339 3631 3685 3691 3927 4152 4244 4254 4502 4557 4638 4715 4770 

2 245 385 656 733 779 780 867 1026 1081 1114 1169 1258 1301 1357 1467 1604 1716 1790 1873 2059 2314 2398 2418 2563 2695 2744 2781 2830 3220 3371 3435 3436 3439 3603 3623 3628 3763 3776 3806 3875 3988 4160 4164 4227 4545 4658 4694 4758 4807 

85 135 151 364 990 1007 1131 1228 1287 1319 1376 1516 1541 1711 1722 1759 1836 1901 2030 2149 2149 2275 2367 2379 2471 2489 2661 2681 2743 2805 2895 2920 2934 3116 3295 3341 3342 3383 3578 3584 3744 3747 3773 4008 4397 4676 4691 4695 4710 4864 

87 100 120 193 308 336 343 402 589 616 687 728 881 940 1115 1204 1382 1400 1489 1554 1566 1589 1664 1742 2214 2293 2338 2346 2386 2563 2617 2808 2973 3244 3248 3435 3464 3522 3620 3640 3761 3810 3842 4221 4283 4396 4713 4734 4743 4947 

11 124 144 188 354 532 533 599 627 632 763 798 847 876 1012 1016 1085 1131 1421 1490 1645 1687 1958 1994 2225 2311 2662 2671 2794 3126 3326 3342 3436 3588 3638 3671 3708 3726 3758 3788 4035 4096 4133 4275 4372 4411 4533 4566 4733 4952 

20 110 132 218 261 294 516 535 561 737 886 987 1021 1193 1206 1220 1224 1481 1625 2246 2404 2409 2572 2584 2770 2778 2854 2933 3082 3144 3183 3193 3195 3232 3259 3381 3602 3683 3686 3691 3737 3774 3777 4280 4404 4425 4542 4702 4816 4997 

160 173 191 239 284 336 527 542 880 949 1216 1286 1353 1364 1449 1678 1747 1919 1933 1979 2172 2288 2341 2448 2495 2499 2615 2688 2786 2940 3026 3173 3445 3503 3638 3819 3862 4033 4080 4083 4373 4421 4435 4446 4537 4681 4740 4897 4927 4990 

9 125 201 293 589 811 851 874 903 1084 1085 1111 1207 1396 1499 1550 1701 1812 2142 2277 2335 2378 2995 3123 3166 3190 3199 3539 3709 3746 3774 3874 3878 3939 4102 4183 4206 4339 4371 4381 4419 4502 4589 4680 4703 4703 4745 4810 4837 4861 

9 86 252 378 636 861 877 879 1069 1103 1130 1152 1425 1663 1761 1789 1824 2047 2150 2203 2243 2246 2336 2371 2390 2401 2524 2544 2601 2764 2815 2934 3080 3378 3827 3838 4175 4328 4423 4435 4476 4489 4502 4591 4623 4715 4746 4762 4852 4958 

77 166 257 557 845 885 935 986 998 1254 1339 1558 1860 1889 1975 2058 2394 2417 2502 2517 2529 2780 2804 2880 2922 2985 3017 3113 3126 3292 3309 3330 3438 3547 3750 3779 3986 4043 4119 4135 4249 4257 4285 4290 4320 4328 4603 4736 4746 4975 

1 59 61 87 119 240 413 499 505 647 656 672 680 686 860 1062 1153 1284 1353 1363 1374 1481 1521 1545 1556 1778 1814 2041 2080 2135 2201 2282 2335 2380 2385 2659 2701 2795 2866 3401 3598 3838 4104 4138 4443 4528 4537 4595 4814 4860 

211 211 230 479 521 524 587 588 613 688 736 745 812 817 898 928 985 1048 1064 1065 1249 1444 1474 1776 2228 2361 2548 2561 2669 2747 2809 3045 3073 3154 3288 3339 3424 3631 3743 3768 3965 4010 4149 4237 4264 4727 4809 4847 4867 4935 

57 74 412 432 625 643 860 956 976 1014 1022 1038 1229 1254 1781 1858 1892 1977 2129 2145 2160 2188 2239 2331 2514 2585 2597 2650 2860 2887 2916 2993 3101 3217 3303 3380 3573 3758 3798 3871 3966 4043 4203 4445 4662 4711 4751 4785 4808 4816 

20 257 267 338 487 516 661 677 754 779 907 987 1119 1165 1307 1435 1490 1532 1947 2055 2093 2182 2206 2371 2409 2456 2686 2704 3149 3159 3211 3230 3296 3542 3579 3758 3791 3883 3932 4133 4162 4165 4179 4404 4525 4534 4625 4844 4908 4982 

105 146 264 292 548 664 781 1006 1114 1148 1153 1259 1295 1432 1643 1746 1921 1969 2010 2190 2346 2478 2586 2663 2720 2830 2940 3181 3310 3319 3394 3529 3728 3729 3757 3768 3802 3842 4013 4048 4126 4176 4179 4273 4482 4557 4564 4625 4802 4918 

10 188 198 246 327 345 509 820 993 1045 1046 1108 1222 1223 1273 1554 1556 1685 1737 1836 1970 1985 2175 2292 2297 2411 2511 2546 2626 2771 2825 2845 2935 3109 3488 3528 3582 3701 3758 3809 4046 4159 4209 4239 4295 4328 4367 4478 4666 4895 

76 146 150 525 714 879 1037 1093 1102 1135 1151 1226 1353 1411 1416 1423 1457 1480 1525 1540 1589 1604 1651 1698 1931 1963 1997 2271 2321 2488 2579 2612 2733 3190 3300 3488 3593 3651 3684 3724 3812 3848 4023 4302 4374 4392 4436 4591 4809 4956 

5 99 207 309 466 528 642 937 1052 1078 1377 1450 1461 1646 1774 1846 1878 1914 1970 2021 2148 2198 2224 2271 2302 2344 2347 2657 2759 2800 2847 2854 2880 2892 2930 3096 3383 3446 3715 3845 3891 3929 3960 4081 4478 4482 4700 4780 4855 4915 

190 251 354 424 449 809 899 953 1093 1176 1263 1525 1947 1984 2080 2098 2126 2161 2180 2272 2273 2301 2364 2392 2449 2741 2819 3018 3025 3026 3043 3222 3249 3388 3608 3749 3905 3917 4098 4103 4109 4341 4605 4619 4636 4693 4721 4740 4776 4974 

21 33 57 129 309 437 494 508 518 595 599 725 857 873 1071 1084 1290 1395 1505 1610 1692 1936 2150 2168 2262 2401 2552 2553 2599 2729 2884 2983 3097 3145 3318 3581 3618 3674 3724 3824 3895 4234 4490 4624 4639 4670 4713 4829 4896 4983 

231 235 253 318 401 542 572 587 637 657 690 870 889 1009 1128 1247 1290 1384 1494 1713 1770 1866 2096 2106 2177 2261 2320 2505 2544 2618 2721 2889 2910 2923 2941 3426 3462 3622 3644 3831 3921 3946 3982 4015 4292 4407 4558 4739 4799 4803 

7 62 204 474 489 561 568 788 896 976 1027 1035 1149 1167 1284 1301 1375 1531 1614 1630 1636 1797 1840 1907 1919 1980 2016 2152 2286 2354 2429 2630 2677 2771 2885 3104 3177 3236 3278 3483 3816 3958 4079 4414 4414 4489 4498 4542 4882 4963 

9 87 104 189 365 500 614 656 691 814 1089 1235 1269 1306 1336 1392 1403 1619 1726 1730 1774 1795 1888 1937 2114 2164 2259 2313 2346 2813 2879 2917 2978 3308 3395 3435 3676 3755 3812 4162 4261 4406 4440 4703 4708 4723 4768 4844 4886 4926 

221 249 270 539 684 705 724 729 982 1051 1121 1232 1248 1324 1581 1616 1655 1730 1823 1924 1978 2077 2109 2175 2248 2258 2364 2423 2453 2864 3039 3041 3045 3253 3477 3560 3643 3645 3652 3856 3978 4012 4151 4164 4225 4420 4437 4438 4550 4623 

246 272 356 399 481 486 509 567 746 797 800 831 886 911 1082 1167 1337 1362 1384 1413 1449 1461 1514 1635 2063 2127 2131 2331 2401 2432 2446 2487 2573 2580 3145 3145 3230 3251 3280 3423 3477 3494 3601 3604 3643 3975 4197 4227 4398 4778 

89 142 184 187 390 409 461 656 710 799 839 840 974 1025 1114 1441 1451 1765 1801 1871 1877 1885 2043 2055 2113 2278 2278 2285 2328 2549 2616 2632 2665 2888 3113 3226 3292 3330 3354 3620 3691 3705 3800 3912 3924 4273 4385 4636 4721 4762 

104 124 207 229 237 578 690 828 892 893 991 1029 1104 1188 1277 1308 1370 1463 2096 2215 2243 2333 2395 2415 2468 2577 2744 2768 2787 2864 2915 2935 3055 3175 3246 3251 3377 3476 3511 3566 3597 3680 3826 3882 3921 3975 4093 4149 4233 4277 

26 29 99 152 155 586 609 792 1270 1344 1439 1508 1529 1534 1544 1591 1662 1664 1708 1802 1887 2007 2033 2137 2178 2357 2449 2449 2558 2696 2723 2793 2875 2894 3176 3275 3320 3320 3531 3625 3776 4015 4124 4167 4331 4526 4556 4714 4934 4993 

87 158 278 328 355 460 487 535 639 692 833 933 960 1137 1154 1163 1344 1475 1558 1637 1663 1760 1772 2014 2017 2023 2352 2373 2378 2413 2465 2470 2555 2573 2640 2743 2931 2933 3375 3457 3644 3713 3732 4202 4333 4583 4610 4843 4844 4984 

146 306 332 460 483 566 582 653 993 1052 1128 1185 1444 1518 1677 1704 1829 1959 1966 2056 2163 2235 2307 2442 2485 2834 2846 2878 2980 3005 3194 3232 3245 3360 3715 3724 3800 3841 4036 4091 4094 4147 4169 4178 4449 4501 4651 4783 4801 4990 

16 17 131 156 242 300 393 594 751 1027 1038 1248 1278 1290 1302 1427 1444 1453 1456 1488 1497 1688 1773 1922 1986 2484 2502 2567 2761 2854 2978 2983 3048 3116 3178 3205 3273 3308 3387 3411 3655 4020 4134 4293 4480 4621 4658 4715 4801 4885 

37 97 356 596 666 1142 1156 1176 1293 1341 1456 1466 1751 1849 1852 2081 2102 2165 2261 2267 2275 2339 2472 2677 2749 2892 2907 2949 3159 3271 3337 3346 3363 3557 3682 3685 3936 3970 4054 4103 4237 4327 4375 4378 4450 4514 4657 4762 4802 4895 

190 346 356 455 469 510 537 592 716 817 909 1105 1126 1179 1307 1380 1394 1525 1681 1751 1877 1880 1999 2013 2126 2138 2244 2573 2688 2720 2941 2953 2988 3116 3241 3460 3580 3650 3760 3800 4095 4135 4152 4200 4510 4539 4676 4713 4885 4915 

198 211 386 397 536 582 594 621 641 670 825 1219 1399 1408 1445 1528 1533 1590 1692 1749 1758 1921 2126 2219 2248 2278 2401 2567 2596 2723 2788 2843 2860 2881 2948 3219 3234 3436 3615 3642 4060 4105 4144 4278 4591 4652 4786 4882 4918 4936 

175 200 243 366 503 595 708 860 1114 1210 1360 1421 1424 1466 1474 1513 1742 1779 1802 1888 2117 2158 2173 2292 2338 2354 2513 2525 2599 2703 2809 2864 3086 3095 3334 3347 3362 3374 3488 3512 3782 4042 4234 4324 4482 4508 4613 4694 4768 4983 

46 209 241 294 401 439 477 488 603 851 911 926 996 1112 1139 1286 1330 1785 1847 1873 1882 1970 2098 2116 2169 2171 2208 2297 2683 2706 2708 2746 2785 2841 2876 2898 2989 3276 3278 3341 3465 3586 4335 4344 4485 4647 4749 4797 4818 4977 

440 493 534 659 810 865 893 1025 1084 1145 1256 1311 1373 1413 1556 1638 1840 1886 1892 1905 2117 2178 2310 2399 2491 2578 2592 2613 2638 2684 2729 2743 2760 3173 3202 3222 3327 3341 3642 3807 4056 4057 4080 4372 4472 4525 4554 4708 4827 4828 

52 298 811 836 879 883 909 1343 1426 1594 1654 1670 1686 1791 1796 1806 1852 1855 1866 2055 2055 2442 2488 2510 2690 2715 2740 2879 2925 2988 3001 3076 3093 3153 3292 3295 3378 3584 3603 3648 3735 3750 4092 4094 4327 4375 4424 4444 4566 4785 

207 303 454 774 830 1028 1032 1101 1138 1331 1430 1484 1566 1583 1583 1700 1852 1900 1935 2235 2254 2294 2323 2397 2540 2553 2687 2868 2999 3028 3057 3208 3255 3356 3484 3675 3685 3850 3865 4173 4248 4339 4352 4405 4490 4793 4796 4945 4947 4997 

134 189 231 443 551 551 598 711 928 974 1049 1190 1398 1479 1554 1664 1670 1830 1853 1853 1960 2325 2353 2409 2418 2421 2515 2736 2778 2796 2844 2910 2988 3162 3181 3194 3434 3442 3477 3665 3710 3921 4114 4242 4489 4687 4846 4859 4883 4920 

16 131 135 350 394 607 685 708 797 840 942 994 1014 1065 1066 1079 1232 1473 1519 1662 1663 1936 1937 2118 2152 2203 2204 2408 2498 2730 2928 2953 2993 3078 3312 3338 3397 3475 3577 3585 3663 3928 3934 3964 4164 4178 4199 4266 4865 4988 

379 556 610 617 623 683 745 857 952 1167 1264 1278 1288 1304 1363 1417 1707 2052 2102 2292 2324 2451 2465 2755 2874 2919 2986 3244 3354 3412 3440 3507 3807 3987 4000 4082 4137 4165 4169 4260 4261 4378 4501 4563 4585 4645 4728 4769 4832 4867 

192 341 522 611 682 776 964 1246 1359 1430 1483 1561 1577 1612 1654 1691 1745 1893 1912 1921 1996 2055 2060 2081 2343 2592 2599 2684 2696 3062 3068 3165 3255 3324 3330 3437 3468 3777 3900 3943 3980 4074 4098 4106 4171 4256 4368 4418 4767 4970 

206 245 267 380 501 552 601 609 670 737 766 865 1151 1290 1332 1431 1546 1680 2057 2411 2424 2435 2574 2583 2683 3069 3096 3105 3152 3205 3222 3280 3326 3340 3571 3697 3891 3997 4004 4041 4114 4259 4287 4352 4354 4513 4520 4554 4874 4998 

154 267 301 396 417 438 456 511 588 603 634 638 748 806 808 1031 1133 1362 1391 1396 1613 1720 1749 2183 2341 2343 2369 2385 2412 2442 2473 2553 2741 2890 3050 3091 3415 3440 3947 4074 4279 4465 4538 4582 4661 4842 4861 4903 4933 4985 

144 159 160 194 206 275 281 430 542 569 613 692 797 886 961 1079 1436 1509 1626 1871 2050 2069 2137 2261 2379 2412 2415 2447 2452 2554 2638 2671 2815 2890 2933 3141 3147 3216 3311 3679 3952 4122 4140 4295 4378 4514 4598 4665 4927 4998 

15 117 180 259 349 365 374 382 497 580 650 794 954 1039 1112 1148 1192 1201 1207 1230 1310 1337 1784 1881 1899 2033 2085 2203 2259 2430 2673 2761 2797 2856 2885 2928 3076 3447 3528 3874 3941 3989 4050 4299 4321 4403 4487 4580 4655 4765 

196 232 303 492 496 502 646 816 817 931 985 1041 1076 1300 1470 1680 1690 1729 1811 1879 1933 2086 2114 2134 2158 2293 2330 2415 2415 2452 2540 2734 2809 2852 2867 2923 3190 3237 3268 3314 3571 3907 4005 4152 4199 4457 4469 4847 4903 4954 

65 274 731 1002 1124 1254 1261 1296 1321 1352 1467 1608 1747 1792 1845 1854 1864 1919 1933 2280 2337 2359 2470 2633 2668 2791 2885 2901 3016 3109 3119 3137 3152 3391 3467 3485 3525 3886 3900 3928 3929 3936 4073 4097 4361 4368 4407 4556 4821 4980 

80 106 111 136 157 163 252 407 611 692 763 884 1015 1048 1074 1107 1240 1493 1506 1853 2096 2197 2512 2545 2616 2738 2849 2912 3032 3061 3114 3146 3175 3381 3403 3472 3807 3820 3826 3901 3959 3980 4264 4570 4596 4671 4709 4752 4763 4816 

4 25 321 341 440 471 481 525 575 621 674 783 856 917 938 980 993 1154 1304 1343 1464 1811 1848 1939 1944 2003 2255 2308 2317 2545 2578 2658 2692 2847 3291 3369 3478 3570 3626 3647 3711 3733 3772 3902 3921 4041 4214 4282 4427 4756 

115 175 367 429 433 451 513 702 708 826 1198 1225 1337 1540 1831 1997 2094 2269 2310 2452 2540 2663 2742 2772 2792 2798 2811 2831 2882 2926 2989 3111 3397 3421 3423 3431 3465 3749 3910 3946 4081 4089 4110 4199 4593 4683 4846 4848 4911 4975 

45 60 92 100 132 158 350 443 450 462 475 497 619 675 1044 1087 1226 1229 1349 1567 1594 1615 1670 1724 1861 1939 1945 1967 1977 2206 2212 2677 2732 2832 2869 3025 3064 3083 3434 3639 3874 3945 4019 4283 4338 4365 4423 4568 4658 4786 

25 81 318 437 437 493 848 928 952 1030 1118 1182 1196 1409 1486 1519 1681 1737 1754 1782 1794 1810 1844 1866 1891 2040 2111 2312 2340 2348 2467 2641 2660 2707 3206 3225 3280 3365 3451 3679 3731 3779 4023 4165 4442 4445 4593 4599 4669 4695 

31 239 283 541 688 691 1229 1351 1431 1447 1530 1611 1658 1685 1752 1761 1815 1918 2140 2181 2253 2270 2290 2384 2477 2652 2697 2750 2885 3087 3115 3171 3223 3641 3648 3891 4098 4156 4188 4248 4347 4425 4476 4506 4535 4631 4710 4803 4884 4897 

19 90 114 287 305 347 477 502 567 586 725 879 1042 1187 1253 1307 1436 1454 1506 1592 1606 1799 1870 1975 1995 2043 2123 2129 2288 2476 2483 2551 2565 2835 3053 3274 3326 3450 3597 3624 3955 4126 4206 4309 4494 4593 4674 4741 4807 4954 

191 202 373 406 639 924 973 1207 1626 1640 1649 1651 1666 1675 1720 1743 1773 1808 1855 1898 1922 1954 1975 2034 2038 2042 2211 2248 2316 2377 2409 2460 2588 2603 2663 2705 2799 2943 3067 3335 3345 3404 3579 3619 4138 4179 4242 4389 4423 4598 

41 138 239 410 497 549 621 778 806 954 1043 1088 1249 1290 1588 1647 1694 1712 1785 1964 2023 2054 2080 2090 2118 2221 2502 2526 2686 2804 2938 2979 3065 3100 3267 3305 3365 3399 3638 3666 3761 3953 3990 4133 4140 4229 4599 4624 4800 4869 

142 442 480 927 950 1012 1054 1077 1080 1411 1881 1892 2005 2190 2344 2387 2469 2510 2653 2664 2700 2740 2823 2870 2875 2980 3044 3194 3202 3290 3465 3510 3642 3651 3659 3729 3803 3855 4106 4114 4163 4268 4432 4445 4543 4555 4574 4627 4871 4989 

44 113 218 239 273 327 761 835 842 851 996 1129 1355 1403 1476 1567 1829 1835 1863 1919 2132 2141 2512 2597 2742 2878 2930 2938 2940 2975 2985 3096 3261 3330 3343 3403 3672 3864 4038 4059 4069 4117 4346 4358 4477 4545 4565 4571 4598 4709 

12 13 58 128 151 293 339 368 403 557 595 633 663 961 1000 1204 1650 1734 1871 2096 2185 2195 2195 2268 2274 2289 2835 2942 3071 3338 3440 3495 3658 3796 3806 3829 3857 3878 3924 3978 4037 4181 4310 4355 4474 4527 4638 4674 4805 4986 

205 225 425 466 775 972 1058 1073 1180 1557 1644 1744 1825 2008 2052 2122 2240 2363 2385 2438 2603 2743 2765 2802 2879 2891 3030 3031 3087 3338 3340 3457 3505 3541 3837 3856 3954 3977 4055 4091 4169 4225 4251 4495 4520 4615 4641 4750 4835 4851 

114 296 309 314 411 519 585 598 806 866 992 1348 1457 1485 1492 1591 1639 1701 1761 1821 1860 1875 2082 2099 2237 2635 2770 2795 2798 2825 2915 2984 2986 3046 3136 3290 3338 3355 3869 3900 3954 4054 4111 4186 4270 4355 4387 4578 4639 4816 

1 462 547 565 568 573 623 683 788 830 855 983 1037 1338 1367 1475 2006 2249 2413 2421 2474 2542 2588 2609 2949 2968 3207 3243 3370 3393 3431 3492 3508 3550 3601 3736 3790 3832 3846 4197 4256 4286 4329 4349 4562 4574 4655 4677 4808 4897 

76 125 297 373 563 621 638 1216 1265 1267 1429 1446 1459 1542 1596 1663 1832 1866 1874 1879 1886 1925 1989 2329 2334 2399 2418 2432 2472 2474 2514 2660 2744 2843 2868 2881 3088 3159 3305 3345 3374 3407 3803 3941 4472 4510 4541 4606 4896 4993 

101 121 213 404 618 677 890 985 1037 1068 1169 1207 1307 1364 1425 1528 1670 1713 1739 1749 1759 1811 1953 1990 2032 2168 2228 2291 2805 2891 2981 3144 3144 3179 3235 3381 3391 3392 3524 3641 3748 3767 4410 4454 4485 4599 4664 4854 4949 4973 

32 74 156 173 428 434 480 812 843 935 1046 1067 1325 1331 1344 1362 1540 1590 1640 1838 1934 1982 2013 2031 2068 2115 2621 2651 2654 2850 2889 3061 3063 3189 3224 3470 3570 3606 3654 3768 4034 4070 4104 4174 4269 4286 4370 4670 4688 4750 

37 119 237 367 386 403 440 521 641 753 756 760 1122 1358 1431 1465 1639 1920 1971 2077 2094 2167 2181 2184 2239 2334 2388 2433 2767 2817 2960 3197 3362 3422 3634 3650 3766 3791 4012 4026 4027 4252 4321 4329 4356 4385 4523 4732 4860 4924 

345 481 531 551 610 652 814 867 1012 1186 1287 1321 1339 1342 1615 1639 1768 1931 2005 2024 2036 2114 2127 2144 2177 2300 2309 2377 2538 2552 2560 2678 2863 3103 3200 3731 3771 3785 3806 3886 4107 4131 4136 4279 4290 4337 4397 4601 4659 4678 

43 87 192 192 303 396 523 561 564 666 723 752 810 850 1026 1070 1402 1483 1621 1895 1971 2032 2301 2354 2588 2703 2727 2884 2893 2932 2981 3136 3208 3348 3506 3589 3613 3744 3762 3794 4186 4346 4389 4402 4578 4579 4585 4701 4870 4879 

8 99 160 277 306 311 356 385 473 683 739 874 931 960 1039 1060 1277 1305 1312 1334 1738 1777 1799 1903 1971 2250 2269 2280 2298 2672 2708 2825 2867 3052 3053 3256 3421 3456 3573 3580 3653 3814 3845 3851 4125 4386 4415 4442 4627 4824 

