3192 3858 528 3581 3800 4526 43 1446 4939 182 4348 1310 4210 2508 330 1113 1296 925 1168 4905 128 4724 2734 2368 4550 94 2540 1514 161 1454 3816 110 1783 2162 3954 3727 3450 702 3742 2838 2849 4927 1634 2867 3106 3498 2241 2980 439 390 
1055 3068 1830 360 4598 791 621 1965 856 3293 3542 2013 1878 2350 2799 4710 624 4069 2725 1815 110 2176 2371 2870 2463 4391 4253 1364 399 2186 482 2767 1430 1024 2618 1112 4071 1437 2116 2463 838 2531 3250 779 2670 1573 4657 1142 882 4000 
1644 3241 1210 1995 3016 900 4361 1489 2325 4208 3148 2428 2459 921 2965 2716 3316 4310 665 2888 4241 3618 3958 3004 1152 1424 3906 3908 3235 2011 2960 2551 764 1492 4540 3624 3992 2351 4977 1641 842 1272 4800 3961 3794 858 916 2264 4757 1808 
3700 4752 2438 2840 4040 3127 4117 4916 4264 3738 3575 2619 4673 3931 2263 2072 170 2182 1436 2545 4846 1969 1098 1323 3402 3066 2678 1643 1194 1197 1084 1600 2927 4358 770 2824 2796 1492 2867 1128 1161 3703 949 1951 1727 1452 20 2157 837 3278 
2875 481 4090 1999 2167 1496 1276 1511 391 485 2064 2379 289 3973 2371 1130 766 2177 2057 1332 897 4458 3516 2469 3716 976 4944 3601 2299 683 1316 4079 1069 4910 3483 3667 4737 3993 3940 2623 3445 3806 1374 4922 2604 2582 4792 2211 3649 1493 
3241 2751 15 2675 1755 258 3236 4340 2501 1274 2373 3259 121 2242 2939 498 618 3550 2270 2149 1187 218 281 16 396 3736 4878 1149 3918 770 2035 43 650 1028 342 3611 36 550 2797 1445 462 2241 129 2251 1730 1983 4564 1660 3743 2864 
1008 3828 1545 2441 3498 1737 4986 2216 3967 1761 517 2070 469 1851 3709 3852 2541 3467 3489 4546 2079 370 2242 1675 4928 629 4896 3005 1720 1492 3458 232 1038 2494 2277 2388 2624 2507 3351 88 2805 1034 1325 792 3726 4621 4729 783 588 3505 
4280 3309 459 3410 1379 4395 2744 2495 4339 1573 2111 74 3251 3918 2993 4979 2153 2482 4651 3381 4357 2256 2106 1720 1813 944 206 3041 2840 1556 4004 55 9 2856 4241 2079 3759 3158 2331 4251 4051 1670 3138 1702 3961 2364 3047 411 3675 3404 
732 1862 4218 3266 4197 4403 1190 3093 3005 3247 2824 11 3388 580 318 3531 2191 2104 927 2063 752 2359 3991 4377 1360 4352 1013 3111 691 1286 316 4090 3410 1368 1503 2835 3646 4732 2936 2759 2148 591 1818 701 2116 2071 813 629 1703 661 
1779 380 1152 4421 2857 3493 266 2984 1023 1650 954 164 2588 2803 3230 2834 2668 4789 1102 3953 3731 4791 122 4641 4846 1746 1877 426 1376 4311 2632 4142 2026 2557 1682 332 847 3843 270 4006 2423 2571 2182 2438 4202 2759 4359 876 3752 3128 
524 1147 2294 1757 272 877 3748 4745 438 3836 2317 4688 1763 923 1342 4379 1574 3356 4666 4042 4255 811 997 642 1030 1866 912 3735 661 2094 4221 4260 1417 3226 547 3320 1708 2835 1556 403 3343 557 3757 3433 2271 292 677 2342 605 1821 
1986 1499 3722 469 3184 3040 4698 4505 1132 1531 696 1768 3121 1464 3827 2703 2448 1329 2168 4428 349 4063 1680 4981 1783 2706 332 1289 2176 2045 2398 1886 4751 1342 409 2037 2778 3813 3699 2012 855 738 4953 4931 4085 3196 1652 4384 4622 2495 
1316 1550 2864 1246 2618 3796 1221 3994 3514 4402 2031 4265 49 3081 3104 258 2443 3788 1457 4416 1856 4409 4273 3669 311 4757 4169 2017 1028 1983 4037 1251 1278 4851 1957 4879 4404 4290 2861 1505 778 4335 2090 1649 3806 2230 4230 3728 2648 4904 
2718 3714 769 1250 4314 1964 1115 4711 2780 3431 2473 1507 2557 3053 576 3121 68 4227 4759 2119 2304 1009 1315 4473 4320 2022 622 4523 3513 4951 3545 4859 713 2442 3119 3222 3177 2749 867 4169 1680 2581 981 4027 1853 2148 2426 2674 2525 2034 
3554 4699 2814 3759 1245 718 3043 80 4600 217 609 3688 4045 1268 4713 4281 2129 1076 1264 1947 3305 4492 4979 1484 391 3985 1798 3809 4738 733 2543 4611 133 3350 231 342 849 4888 465 694 2084 2400 3910 722 2756 3730 1343 2014 2103 3398 
1013 1500 253 718 214 2331 2856 1420 4305 3795 1818 4273 2923 1751 456 2225 3058 1291 4566 781 611 3376 2731 297 543 2326 2982 3831 4580 3602 4585 4371 3065 1609 4301 409 1737 1955 1071 900 4483 2195 3201 3952 1585 4581 492 2 1841 4241 
4836 3647 3697 4512 4508 2122 1374 1868 2188 1834 1822 3877 3272 3243 99 3497 4435 1499 1787 1827 3276 3129 1183 4584 2048 2409 2105 1638 56 4266 3090 4542 2188 180 1754 659 1464 532 1001 4899 2533 4987 2285 614 3563 2630 229 4949 3799 4982 
4958 828 1024 4410 3060 2563 3982 3732 2107 4401 3972 4898 2590 1338 149 1830 1936 788 3189 2712 1065 1300 3106 4218 307 2926 2475 212 837 1468 231 4993 1496 246 4177 2810 3665 1523 1555 3993 2639 687 913 2377 4325 2566 1407 1492 4281 736 
4285 3676 1406 4742 4386 2439 342 636 335 1501 3581 2887 4037 4884 698 3240 914 3062 4127 2345 4247 2408 4868 3488 94 14 1550 1650 2811 742 1182 1522 3200 4042 2831 3850 2085 4010 2504 2673 2479 4841 3315 1757 4144 2759 3052 3147 4416 4431 
3774 237 2931 1249 1779 971 3507 3955 1259 3037 3672 371 151 496 4460 2257 3725 4343 3307 3043 1487 2604 323 4712 1400 2191 1945 2633 3630 174 2253 1781 670 894 1478 932 4780 409 4225 943 1946 504 4694 3693 3819 3490 4835 137 2369 4662 
2621 1794 1572 4710 3596 2355 2931 4325 2991 3276 4856 4706 1464 3344 2151 1037 4617 1090 2095 1481 3631 2785 3076 546 4045 2163 4940 3209 2172 4025 1849 4806 986 39 3230 2374 2569 144 2278 1550 298 2135 2041 3998 2937 1881 4288 641 75 1105 
371 4044 885 4659 2849 3452 1286 4221 3616 1461 3168 1403 1221 3033 1827 1235 3751 853 3058 3288 2007 3282 506 3643 2850 483 873 4054 4122 4011 4204 1274 306 2057 3995 4036 1505 2766 1208 2524 2840 2997 1758 2046 3279 1388 4958 284 541 3347 
4728 4828 3959 2731 3256 910 2835 3465 15 3289 197 938 820 1646 3786 193 978 1756 2483 823 2228 3942 2956 4978 2958 4098 86 2409 429 1844 3897 4927 4482 2866 3710 3591 4043 1801 4900 4655 2883 1912 2561 1703 2900 3179 4516 1691 3161 1491 
728 3751 2992 4028 2196 1435 2864 767 4673 2424 1912 4249 1467 3610 840 1108 572 1118 3596 2860 4837 405 3614 4549 4998 1449 347 4355 1320 3272 721 1977 4921 399 774 3086 607 3273 2581 862 3809 1552 3309 53 1019 979 99 1625 2592 3825 
1801 2616 253 12 3583 3654 27 2506 2761 2332 909 224 3840 2551 243 3943 310 101 4431 4876 2060 3789 2998 402 2150 3790 440 2099 4098 1016 2091 1247 3244 3275 2181 4108 3014 2821 1674 1527 1670 2952 117 1314 1017 3147 617 3046 1030 3271 
1722 1427 4030 3485 2551 1142 1195 3678 4972 1137 757 2019 4590 1713 3901 4030 4005 3501 2676 169 2697 3426 531 2342 358 1647 4593 3766 3698 165 3760 2782 2889 4358 4529 2790 2678 4195 1826 2148 509 4670 773 4665 4879 1807 2210 3290 3693 1405 
1111 4418 1825 4139 4192 4774 3705 1502 1386 9 1413 1012 1252 264 4532 903 2911 1841 625 3241 3429 848 2532 1146 921 2354 1486 1368 3541 3142 2637 2911 3482 2656 2057 2857 499 3735 1814 3032 363 2538 1123 90 1488 1031 4530 1771 4072 4140 
2913 3521 4011 3410 1641 4724 3521 3550 1677 1797 2422 425 4044 1049 4954 4267 2899 333 926 235 1997 4100 4964 2619 4996 2927 3846 2914 4189 1781 3986 2721 4262 763 1277 2146 1323 901 4205 85 1986 2749 3075 3429 4012 187 1241 2003 4821 2807 
1640 657 3381 1139 2478 4882 1168 540 1862 4656 2163 3154 3639 1750 3128 2254 4858 816 1884 348 4150 3319 1615 2137 1654 1353 3755 406 4670 3680 2032 310 738 1673 3520 3525 736 1257 3743 3273 1534 1987 4461 525 95 997 7 771 4082 700 
4818 1146 2843 3516 106 1664 3470 1453 1842 890 2042 4946 244 1666 3778 3100 4012 3041 882 3734 1096 1957 3024 2082 4979 396 4264 1989 826 113 2437 1222 670 478 317 468 4667 4595 1300 1361 2497 3230 4539 2049 1673 1188 2179 40 418 575 
4604 3211 2572 681 1187 1333 2732 2215 3764 2925 786 641 2572 4326 640 4009 2682 104 4548 1378 2079 693 4527 1427 587 1838 4503 4212 3122 2974 1809 2728 1903 2879 1787 628 2808 3116 1322 4535 1130 4303 4359 971 134 2868 1048 971 3828 2878 
4964 2324 4671 1049 4094 4121 2458 3455 3421 4865 1881 4902 1219 4668 3323 994 1093 167 3829 1719 2771 3316 603 4450 1449 206 1627 1689 2797 771 955 383 4866 466 4868 3245 244 2359 198 4413 4620 1068 4495 273 726 43 486 1948 1042 4761 
4893 1182 3152 4693 3038 4526 4000 4546 3788 4843 216 225 4573 2044 2479 2627 391 4009 2682 1829 2705 57 3028 3461 2860 2213 836 3835 26 197 1993 2596 1333 1993 1961 1675 2603 1291 4923 144 1976 68 1681 790 740 2347 4227 1656 1423 2053 
2392 2860 1115 3561 1773 2011 4105 1372 3867 3975 190 261 4740 645 2111 3857 3278 1909 706 4337 3635 1944 4551 2618 1224 1330 1592 846 3573 3656 1773 841 4317 956 3178 3167 1559 2174 4517 4308 2795 2493 4235 28 2113 2446 4186 2924 1302 3220 
2604 3856 521 4217 730 3663 2997 2580 4807 996 2183 3524 479 1982 2451 3492 1656 3250 753 431 4544 4567 2950 4365 1495 218 2913 4255 3142 4563 891 3072 2400 104 3002 1188 2728 817 1272 3221 3075 3548 991 2180 2975 4602 3672 3021 3157 2713 
1997 2054 2099 4371 2011 3673 1316 3847 4676 1119 4260 3359 3715 3568 903 3938 1705 873 1385 1986 4904 1037 3468 2088 4670 3799 1621 975 2749 1198 4295 3830 4433 3338 4253 3466 545 2438 2426 2836 1441 1879 283 3110 4335 4220 3303 1276 989 79 
2238 2681 3406 3987 3064 263 1628 1349 1239 1427 4034 4856 536 4472 942 3836 6 4739 4241 1791 791 863 985 862 347 4066 2431 1414 2570 1407 21 1638 518 3702 874 1903 4489 625 1241 1055 3583 3896 2534 1002 119 4807 3139 4123 3054 830 
1139 801 3461 3282 357 3957 2749 690 2802 2243 2752 916 2866 4407 3385 4529 2060 2562 1446 254 4925 701 4029 1604 75 749 4597 1139 4146 3568 4022 3595 4399 2647 796 2203 2035 2540 1016 3893 370 4606 135 2521 1164 4962 4391 1626 1300 76 
3184 4598 63 791 3183 3689 4671 4849 3833 4300 281 2562 4925 802 2300 2911 930 340 539 4546 2836 4341 4637 2644 393 4008 4755 4742 2321 2369 817 1500 29 1401 2776 1155 3583 1270 2851 4765 3235 1258 4905 1986 3012 507 1011 121 313 1539 
4127 1168 2826 3609 764 1840 4206 456 2214 2372 118 1654 2420 1299 2320 4543 688 4348 1924 4683 2871 3298 1523 1277 114 4280 1922 3910 1284 1910 4241 1946 4790 1853 4760 257 1263 2848 564 848 1391 3571 4887 289 1341 272 1470 2968 159 4480 
1831 712 2035 1191 2962 4758 1740 139 2759 4195 3991 550 3016 2768 487 4842 2113 2061 997 964 4005 1466 3868 4548 3427 1602 1860 2700 2209 2917 4053 3919 1623 3125 2767 525 2895 1627 1583 1284 3019 3762 2892 3488 256 1348 3987 2166 3050 1013 
3256 1125 2912 1421 2198 4767 4466 4297 4449 4199 2576 2300 1201 3826 1548 1602 3146 1859 2210 181 3482 994 4895 4228 1867 2813 2888 2328 2954 1346 2133 17 374 675 678 3193 2669 3019 1428 2367 859 2792 619 790 1941 849 1014 575 3069 2090 
4572 1549 1710 2502 274 887 1611 252 1153 1483 395 925 4153 2265 344 4365 1774 1558 1376 816 4130 714 1804 4447 3235 1428 879 3731 1894 924 856 522 4724 2457 348 3367 204 1557 1781 2710 3066 1349 1984 1008 2526 1325 742 3820 1216 4660 
4849 1231 4851 3996 4810 1470 631 84 3056 633 2451 513 4411 4402 722 4699 1673 4406 2662 4428 545 1195 491 598 2663 4955 901 3821 2568 839 4564 707 3350 2824 2799 2779 4758 4106 3023 464 3319 2347 646 3119 3990 2314 1167 2897 1704 227 
319 2982 2263 4658 3068 1271 3881 4381 1549 1754 1405 1863 3459 3507 4184 715 3575 153 2183 4478 1708 1871 1950 1848 4133 2268 2736 787 2970 2277 728 925 7 4377 879 1155 3750 4398 822 4695 1975 4642 2423 204 2852 4700 2855 510 3010 116 
4975 4879 1829 3672 3499 4208 4730 705 1682 453 819 3662 0 388 3255 2223 3224 1687 1032 452 2406 4560 3305 2919 1444 2117 4936 991 4139 4380 560 886 3372 1712 3002 3605 4023 2220 1181 4319 3676 2655 3251 172 49 3530 750 4879 716 1358 
1723 3897 3520 1433 4669 1767 2181 730 4053 2986 3779 2747 3681 430 503 1551 3691 3933 546 2468 4156 2052 4990 74 3809 3294 2371 4052 644 3848 425 3215 941 870 1094 3793 3819 52 2930 3812 1253 286 4025 2059 3454 2628 1848 1148 3441 824 
1596 327 4025 994 1480 566 2653 118 4430 1149 250 924 1776 4411 2120 4265 254 3377 3201 3620 4338 4307 1968 1396 859 2021 2887 3344 3543 1361 1803 510 4437 1662 852 2984 1353 2162 2183 2259 3497 2803 1038 1578 4312 2274 1468 348 3169 713 
2193 4769 2711 2030 4404 2650 4538 1129 2450 2657 772 451 4410 3751 2836 3896 555 773 707 1462 1416 4701 45 790 4179 2194 2163 3770 1271 1517 207 4584 4866 2778 1703 4206 2315 4914 3517 1670 1777 4330 2142 1860 2437 747 4298 4942 4824 1867 
3524 1315 3839 797 515 4607 534 4444 111 1046 1595 1398 471 2567 4453 2839 2323 467 4997 2954 2758 4189 195 1872 3614 364 2604 690 63 4271 3970 217 3373 905 93 1193 1153 3078 129 912 829 2580 1352 821 107 493 1113 2663 3467 84 
3360 1604 955 4717 3424 244 3501 1987 3247 1676 107 1844 3002 3991 1710 4055 288 2138 871 514 2683 1167 3269 4797 4460 1844 1225 2987 2470 876 4150 4737 2790 2991 3846 3615 4649 854 3000 784 2175 1330 3678 1413 1623 573 2342 2534 3923 2712 
1159 2787 4308 3991 343 3760 3689 962 4138 160 2005 3085 2974 2979 286 3147 2597 1731 3981 1558 666 2059 1043 3410 991 521 929 3259 4199 4982 2195 2060 1703 3491 1349 4081 4547 2942 4582 3663 3966 1453 3964 4114 4193 3538 3393 400 2648 1472 
693 2733 2938 2453 2051 1741 1000 4433 1712 3401 1327 4678 1226 460 393 3311 4309 3654 728 454 3228 2107 1797 1793 3989 236 4416 2013 2430 3678 3177 2966 3751 2897 839 3782 3480 212 1927 2740 2229 4959 127 78 3839 2722 2691 122 84 1372 
1087 4049 2330 2446 2454 4365 4112 1937 2603 4181 1565 4205 2094 671 1285 323 3282 2501 3617 3846 2965 3291 4359 2181 423 4279 4474 2556 1726 1658 803 4580 4016 1118 4064 272 4499 3913 1596 3922 602 3225 2206 2109 1585 4528 1655 4732 2067 4707 
4598 4962 4809 4421 2447 228 1086 2249 348 3204 3201 607 2753 2607 1955 1998 2222 2937 2994 1204 633 2343 380 3666 146 2046 4264 3276 4075 2291 810 4439 1336 1482 1357 1563 531 1242 1646 1363 1988 1272 2718 1218 4150 1764 2464 1129 3373 3393 
1740 2495 1807 2569 1259 736 3416 2040 2556 3904 2995 1151 3782 4306 4822 4156 4079 100 3509 1584 1213 1942 1002 666 3451 3763 139 1506 3758 2590 2396 192 1040 601 399 4182 2677 4306 3897 179 4852 4431 2023 3682 2608 395 3824 1570 4880 4745 
2045 4063 2324 641 4006 1425 1777 1769 2791 1579 3638 1174 2483 2487 4936 3827 4152 984 1963 1120 4011 2920 2746 4431 1693 3163 1801 2899 3191 675 4400 2930 3193 702 4331 4293 1465 1421 2808 4789 1106 2638 2792 3008 4603 1724 1202 4804 2202 453 
3261 2563 1193 4013 404 3968 2239 394 455 1650 546 2951 2551 3646 403 4972 1705 2137 3850 3054 928 3934 1549 4555 2028 1629 3571 2721 1351 1117 2846 2591 4138 2963 2256 580 4659 4131 284 4854 554 1655 2361 3782 213 4678 123 2331 4576 286 
3250 4860 1488 3037 4207 1418 1738 748 4747 356 1167 4678 4611 3309 1748 1287 4026 2571 4383 2032 453 241 4204 2562 116 312 305 1529 191 4682 2654 2796 3992 975 1346 2490 4400 2067 202 3718 3500 111 2402 654 185 4966 1129 2840 3869 2236 
1648 1342 3225 1698 859 893 1372 3589 1180 1264 377 3144 3004 58 2020 63 1092 940 1072 718 3587 763 1813 3064 2776 237 1416 2444 4674 1406 3004 725 3334 686 1544 4122 2865 3877 2000 1957 462 4203 2376 3055 1114 409 518 4692 55 3059 
3400 1875 2646 2282 1678 2593 4816 645 2617 4302 2127 4872 2652 3720 1752 784 3050 3319 2148 85 649 1593 4511 4457 349 3430 2056 1824 1519 1958 1835 2312 1951 954 3251 3315 3936 3209 1484 115 4491 2780 1655 3534 119 268 3487 2842 4008 4850 
1293 1027 4813 2575 1191 4394 4311 269 486 4688 366 2326 3231 3187 2526 3123 1930 1312 2202 3952 10 146 207 4870 476 97 1021 4481 1091 4095 913 187 235 4551 4230 1208 4333 175 46 1556 2251 720 179 4090 317 2891 4011 4463 2026 590 
636 4997 4130 1024 4324 1780 1460 4137 3748 1070 3620 2797 4421 3322 3496 4218 3020 469 2042 3448 1962 3955 4480 2889 159 611 2899 729 3832 804 2541 648 2247 3818 782 1829 1634 3398 368 2637 542 349 4402 3229 4885 4160 1786 460 2541 1164 
3391 188 1396 578 3261 498 2281 3618 4522 1492 2501 2195 2057 2852 49 4022 1173 2130 553 3828 2008 526 882 4925 2196 3462 4048 4587 4866 3348 235 3631 3953 4092 4915 4290 962 2493 1834 2669 234 997 1296 4597 2047 1514 909 1513 2478 287 
1962 4159 4612 1299 3633 3543 571 4824 1118 709 384 3131 1854 1572 275 415 4943 1633 3375 2991 184 4622 1050 3316 4587 3720 1871 2283 3928 28 1682 2915 3668 4157 3763 4165 4897 4473 1295 1901 2232 76 1108 4696 924 4829 3708 4902 1905 3368 
1411 754 4245 4700 4492 4080 1974 1726 2704 1519 364 1669 665 423 408 3343 167 204 4628 2124 4872 835 2685 4458 2693 2036 2591 2233 499 2625 2080 2240 2799 1950 3704 1494 2350 2178 2751 2222 3612 1917 3176 837 1115 4242 3308 2150 4646 2903 
2786 968 3846 1026 2469 2070 381 2622 1470 1519 2241 3607 4749 2439 923 2386 2098 358 4617 2521 4840 3567 4313 1886 1940 3068 3455 4061 1498 760 377 390 3178 1077 3425 2899 737 3112 2298 4727 1026 2721 422 4968 3350 1839 4287 2511 2970 547 
557 1046 4160 2803 3576 1169 4009 1195 1847 1127 4962 807 3424 434 156 4820 4160 2901 4104 4231 3925 2871 802 2006 4106 1550 2717 294 3747 181 1480 1381 2634 4712 2488 3417 3593 2455 582 3648 3649 4409 1682 2602 4434 3747 3616 699 1500 738 
3346 1293 3630 2909 3118 2838 2788 1982 145 2414 278 659 2260 4476 3119 3736 4063 3649 3908 3071 99 1693 1030 4434 3268 3976 4713 2376 3999 2284 2933 2671 3399 1609 4364 3106 3071 1513 2470 3691 4859 3182 4978 3313 2095 352 4718 4893 2821 2651 
1416 4986 2617 4424 2126 2756 3791 3675 147 3546 592 973 4683 454 1664 4475 1969 1901 2371 4927 1190 4586 242 2869 1293 992 2240 4057 1637 3216 4626 4327 903 2039 3199 1539 1040 4180 1484 2426 2281 4657 459 3768 2245 4631 4700 635 171 4071 
4972 2808 2421 4142 4910 429 1096 112 32 1775 125 1993 3967 4029 1735 3784 757 2797 1150 4540 1506 2405 2243 4444 3440 2732 3781 4538 996 2282 2283 2871 1442 3253 1139 4549 3336 1261 2539 2264 1654 4219 1862 3303 1099 789 3937 3874 1444 4093 
1798 3460 945 2772 1280 123 992 529 25 2230 3735 822 1737 2894 124 3884 1592 95 223 2749 4965 4217 530 1003 31 2483 4367 1160 2116 607 795 3085 4369 1588 2121 3599 762 4711 4579 2654 2146 4091 261 2416 2621 1675 2674 694 3995 2790 
1667 3725 4536 4611 1164 1272 4858 4196 113 372 1538 223 1586 3564 679 58 3211 246 2711 2472 1743 205 584 1994 382 1368 3070 855 756 276 2301 663 3996 2237 3066 1724 4141 2539 1997 291 3844 106 4817 297 2673 2154 1816 1569 4854 3449 
3200 4005 574 4341 2282 4371 2531 1735 2413 4482 419 1516 2502 3308 4931 2782 4724 1247 52 146 3609 2479 221 1259 4155 1886 3993 3311 2603 2071 4619 4232 3957 2319 4703 4590 154 4605 371 1787 4026 4547 2718 1672 486 805 1351 4606 3262 1274 
3337 1735 3894 2425 3606 1709 4638 1846 3257 4323 2137 3541 2001 1763 4598 2829 3843 8 3078 945 3958 3478 2477 4379 2021 830 253 2026 368 102 855 4542 1213 1616 2483 3352 286 786 2011 512 954 310 4946 1746 3424 2731 1554 592 480 3555 
2511 4358 3045 3510 3614 249 473 4144 699 1866 3255 4182 2033 1194 1975 3095 3282 4510 1245 1496 3833 2324 1955 1992 4830 710 8 1966 1915 840 952 2720 4805 1837 2079 4501 2245 302 4601 2901 2759 1245 2675 439 3138 3247 1695 3379 1697 3400 
1091 2137 554 1900 604 154 2629 483 4266 4590 119 140 3835 1125 3352 4165 4668 1586 4457 2858 405 148 1106 1572 4293 4447 4475 660 1989 1971 3569 1320 2433 3612 4972 725 93 1178 4079 4902 1173 3865 727 1308 4320 2459 815 383 1349 3045 
4763 340 2733 2839 1380 3583 4627 464 4860 4730 3858 3977 82 54 4271 4881 2776 466 1927 2049 2491 530 2633 577 3419 193 375 2707 2523 3323 4584 1909 27 348 4210 2989 1261 1269 431 4728 2069 2464 6 2332 4548 3481 2531 816 4774 4656 
385 4816 4378 3253 2479 3652 2994 1123 512 1755 3613 1840 1536 428 2233 2891 1307 2678 3860 4111 2616 2697 693 4975 1983 3340 622 434 2839 2736 1358 4242 827 4357 2756 4983 3166 2308 1606 297 2092 4557 2955 278 1290 2297 3485 385 3273 4586 
2099 3148 4023 3506 2677 3551 191 65 4626 3537 4978 4483 3575 2574 1390 3922 4377 3121 686 1136 1525 1324 4714 1127 4853 1775 4328 428 470 1581 4899 4761 1560 445 2187 1043 1157 4119 4501 11 4918 4205 3429 273 2058 2644 1289 1821 2497 1627 
4119 16 2912 2452 2362 4315 1189 3792 4129 1413 3301 944 4289 1547 404 1321 1036 107 549 4480 1401 1907 827 2110 2366 2376 3096 2085 3052 1432 1339 2180 10 4739 3279 1568 725 3104 2041 3212 30 4364 3906 4809 627 1121 2223 4889 4731 252 
3693 2609 2924 3919 953 2949 4592 3441 2558 3705 1984 4498 2168 789 4598 3083 257 3968 409 3773 3458 4545 1597 1538 2101 4689 874 3025 4880 3517 3822 245 3013 1659 1109 976 4327 1210 368 3636 1439 2183 1699 595 1680 4485 516 2039 1600 2357 
1497 436 3528 2255 2560 477 590 3432 3069 1868 2209 596 792 4766 1588 1117 2381 1374 2559 1868 2424 1809 850 4608 1896 2131 3611 3021 2859 4511 2410 1311 2378 36 1307 4599 807 4102 3892 4597 3028 2859 4544 3311 582 1016 2083 648 402 3474 
4919 4228 2111 1025 2558 2707 44 4345 2665 477 883 3692 2912 581 294 3421 4587 857 4456 622 4953 3616 4880 1268 1494 2101 2298 2105 4514 91 4918 1770 2720 314 477 1330 2380 617 4161 311 49 1420 3540 916 1218 2328 2492 2663 431 1868 
254 4155 1299 3330 1064 737 867 3431 1435 362 2321 3391 1217 3056 3242 941 3267 3686 1788 4882 3878 3701 2941 4210 3943 2272 2792 47 69 4274 4105 3425 2406 3039 579 3451 100 2200 1975 2556 1489 635 3528 4668 3433 1955 269 717 384 3803 
142 3917 3300 1017 2787 3233 2131 2528 985 2947 1895 1526 143 2879 4281 4824 560 3867 2749 4963 2865 221 2349 917 3510 2681 176 3690 1856 4739 1428 1611 3618 1314 913 1596 2004 3894 608 1205 967 4876 2389 3827 4586 4143 3944 1816 4132 1872 
1386 1161 859 3729 3062 1182 532 831 4437 1319 3724 4663 160 717 4047 2538 2447 2606 47 2091 3271 3733 3560 1553 4812 650 3905 3848 3619 1694 4301 3869 1163 2993 4243 3641 140 2855 210 2693 4217 729 1401 2632 2803 3944 615 461 4710 4047 
4038 816 1479 298 2477 1106 2438 2065 4382 4651 2992 193 1428 1432 2777 1029 2274 1541 2024 2113 3816 3716 3595 1176 1383 2351 4205 3870 392 3130 589 1520 903 3013 216 2530 3246 1304 1850 441 3263 768 913 3427 3761 1313 771 3132 4016 36 
1313 3275 4438 3988 2195 1444 1670 3011 4446 1214 2267 2698 2980 3455 3540 417 4699 743 2050 2859 3480 1515 1533 4670 2621 2259 1900 4369 2465 3302 1732 527 303 948 820 1540 2418 3685 3998 365 2767 4216 3551 1492 3627 1118 3579 1324 2071 2768 
4659 586 537 4389 1680 4853 1357 4537 4333 1096 2955 67 3656 2133 451 654 1289 740 1046 3419 3838 2884 335 2028 3910 1481 2051 1371 4156 2287 868 116 2495 3942 4004 4929 2160 3071 3984 4021 4131 2701 3954 859 58 1071 676 2128 2062 1669 
4338 2926 3167 1137 247 1322 2590 2041 1083 1144 2145 2578 2091 2981 1567 2559 3713 2902 3469 2633 2598 4223 4487 4497 4949 2638 2179 1277 3522 4322 2243 3511 4627 3390 4929 3412 294 4682 4496 2187 4099 2964 920 3564 899 1306 771 3476 2273 371 
3766 2342 151 4567 2018 3667 437 2965 2763 478 4534 404 2752 625 331 3291 4108 4020 2428 3908 1884 576 555 4422 4827 4870 4916 4251 4122 605 3371 2 1556 2020 2596 1998 2385 3108 2064 2766 3289 2426 2878 2758 2396 1476 409 4477 1120 3834 
529 16 2130 3271 452 4248 2480 1607 390 4656 222 2499 1239 58 239 3051 4508 2138 4143 4820 952 2498 3975 4130 2421 2448 641 239 3829 3861 652 1445 942 3775 4962 3745 2101 2929 696 448 1034 2345 557 654 653 1099 3023 76 3463 2060 
3731 3210 2069 3754 3771 4158 1720 2522 997 195 3944 1185 1665 2542 866 4095 763 2341 3823 2625 3330 1321 255 822 4504 2901 4702 2053 1316 991 2894 821 4940 95 3157 956 902 4333 3497 244 3169 2032 4113 1795 1319 2764 1037 1874 1734 4580 
553 24 208 2945 86 1111 1023 553 4785 4680 797 4715 3696 1691 3915 1930 3042 826 4560 4736 167 2094 909 3845 3240 1097 510 2080 280 2758 3499 621 3 2414 4888 2296 557 149 4730 721 79 3572 883 1729 1462 1624 2456 2579 1092 3450 
2673 1470 3306 3232 3624 603 1310 637 2174 410 4882 3309 3498 265 965 4915 203 4607 2559 1318 2056 3998 1375 1153 4726 232 406 4554 1947 2780 2217 4518 2440 2200 1419 3571 844 217 3850 1485 4678 305 3059 4301 2059 2952 4472 3247 2185 4438 
4977 523 91 80 1705 447 4214 2753 2746 867 3891 1211 2411 2013 4799 2846 473 3933 4447 4704 4700 315 3431 3733 2724 728 4629 1065 939 3195 1138 4068 3093 2349 505 1606 2949 4543 2739 2307 2089 2930 2682 2888 3209 2286 1116 4815 596 4896 
3666 1255 1013 4934 2578 1992 3180 2333 1777 1093 791 3909 3333 4570 4114 58 3395 4784 1996 4895 4660 2935 1204 4558 62 1308 1692 4523 3104 3843 3309 1250 3389 3935 4947 4910 2228 2399 3963 2004 1423 4163 2762 4606 2084 808 2176 1668 673 4303 
2349 2488 1379 2469 322 1017 128 767 483 203 139 3388 3131 933 856 4751 281 3179 4000 3301 3234 2380 1607 4348 1134 2335 1133 901 3879 1642 4370 3955 2520 4979 262 4764 1603 1786 2631 1808 1054 4710 868 3999 974 4935 658 4816 3564 1045 
1013 3528 1615 2551 1025 2591 4035 1974 1265 1225 4448 891 4408 4939 4334 4014 1878 4165 1368 3329 1909 3543 2654 188 4909 3415 1911 2394 276 2650 4662 2108 2354 3472 1661 820 2421 2245 4599 1773 4232 4717 4339 81 825 864 2926 147 4371 1575 
631 790 2417 3030 73 453 3916 1466 3477 1661 4542 4180 1214 568 1384 1782 81 4707 1962 766 2044 42 521 4801 398 3555 1014 4978 4512 1760 780 3923 2339 1297 1498 1962 4185 1081 2746 3472 2368 840 3408 2743 1941 689 2431 898 1053 3180 
3169 4089 1130 159 2126 1460 1939 2105 4719 2936 317 1767 4491 3624 3593 658 1617 4446 3638 3785 527 3546 2745 1715 1946 3546 1641 2871 1327 1515 2376 4424 4146 1718 4927 1635 2541 167 4665 739 2339 2266 4876 1983 1550 2423 3963 2202 2054 3688 
927 2571 4586 1287 2390 2518 3116 4206 124 2043 2640 353 4850 837 1421 3871 4285 1278 1231 185 1745 4217 1628 2905 1573 1520 2278 2015 4408 2399 512 840 1324 2048 4293 625 1554 1233 1693 2514 3278 4267 4673 2926 132 1268 1105 2633 1667 1496 
4164 4571 2738 3211 4920 2733 3800 2858 731 1193 584 2474 2049 1695 2877 193 2214 3205 2410 1756 3110 367 2533 2904 3 231 2877 1550 4432 1967 1778 2529 3812 4100 2436 377 2976 965 1030 3005 2468 1469 612 100 1839 1685 251 2276 2958 2238 
1296 2735 151 2068 2635 4683 2174 4831 4133 1193 2752 1007 3169 2449 3614 1645 4255 2587 1140 4226 1046 2873 4019 914 3467 2163 1875 881 885 4171 1565 4185 4779 4266 1256 4866 1640 1394 3466 2540 4109 1695 4770 4065 2168 2696 3515 2262 4076 3161 
2644 4851 3873 2902 1182 857 1125 2001 341 4532 4995 4580 2883 1537 283 2894 3913 113 378 2663 2663 198 3244 3766 2078 1790 1183 4238 2196 870 4706 1868 2535 977 1686 2436 3494 3649 1955 2164 2773 4757 4414 2809 2191 572 3233 2145 4033 3800 
763 1481 2284 670 3370 1800 4155 542 399 4179 2606 2342 3113 458 1519 4220 3901 4811 1459 2667 4020 2190 1522 1085 3213 3225 1811 3058 2676 4228 4881 2096 251 3136 1355 2844 3248 4939 4531 3016 3847 2455 900 877 962 2669 954 299 1014 2803 
2085 2310 4544 2525 4598 451 2080 795 29 2324 2356 3336 2073 3576 4608 1283 2634 1631 4101 1009 2924 4852 567 1298 4733 3932 4612 379 3481 110 1298 949 1651 3003 448 3907 127 1664 3943 3321 1102 4954 714 2875 1345 921 2916 2412 2618 2968 
3545 4281 871 1332 2912 1309 1032 1682 4047 222 164 3654 4104 4383 1870 1194 3347 4679 1358 1476 3347 4202 1861 3555 3117 2703 1321 4755 4798 306 1538 1582 3893 1547 2796 2374 2081 3686 4926 1936 2252 812 2186 1643 4864 1610 4263 1586 3481 1241 
3891 2974 4843 1902 1268 1760 4093 1891 2977 4805 423 2653 3900 4922 2152 511 3243 2538 4283 4159 815 4150 834 3911 3085 3892 3483 1199 3547 3212 1322 905 3445 2191 1832 2717 857 1992 2867 958 2408 3743 3270 1669 174 4764 3954 3093 1875 1561 
1804 126 1835 411 1097 1566 3747 2626 2016 4549 949 55 4271 2967 3094 4798 2721 1311 902 4396 590 4642 831 1114 131 170 2337 1139 2931 429 2942 1050 4710 2981 2090 528 4042 1737 717 4709 4759 891 1428 2660 1119 2635 4332 3876 4766 4644 
2105 3443 342 4662 1814 1638 1110 1572 565 2335 4108 639 4114 22 4144 787 4955 332 2596 4367 2355 2180 2089 59 1447 362 3123 2637 2704 4376 231 813 2746 1862 4363 4186 1813 1370 1856 2124 2610 433 4436 2755 2112 4901 4563 3367 2543 4448 
3847 314 2676 1183 4925 4716 3439 218 697 2149 1642 3659 229 208 3771 637 4590 62 2403 2079 3560 904 1656 3537 564 561 4848 1750 3198 4451 702 2987 1811 721 818 3575 2499 358 1876 1379 3955 1260 234 1492 1415 1054 3163 2311 422 1658 
1978 2404 726 4825 1854 774 3298 4290 2049 3506 3361 2294 1784 390 201 2644 499 2548 2355 312 4430 182 4937 344 4383 52 3221 4944 2641 2685 4884 1486 120 626 1171 3632 4933 2297 376 620 3564 3816 3909 3520 4109 1584 2424 2356 1096 4237 
4814 1276 277 2827 4842 690 650 619 3928 764 2662 814 695 4578 998 2969 3254 435 285 1513 4766 984 2130 2665 4240 2585 2501 4754 3281 343 1569 3883 1275 2241 2328 3233 1798 2803 179 2416 4591 3540 4650 4547 3039 4646 3364 1992 1415 644 
4342 2855 290 2727 2833 213 4837 4545 3287 4644 2266 1310 3766 4669 1451 31 1 1345 4165 1401 4770 4308 4578 590 2069 2755 724 4619 4393 432 103 3033 1736 4547 1006 2943 3650 1259 1721 1752 1532 2021 3037 1409 4654 3884 2829 4839 1446 898 
1160 422 271 2030 1570 4836 4350 2567 23 1639 847 3432 381 3676 1906 3604 2362 4642 2140 779 3694 4926 1036 3142 2250 1009 787 1760 3977 4687 3551 1653 4997 249 1490 4263 1022 2029 4662 4902 1903 4299 4604 3544 553 2012 1958 4763 2268 583 
3753 2854 3403 4852 4335 822 4647 4692 4371 400 1239 432 2478 3857 1519 3249 50 1022 2238 752 2678 3938 956 3176 433 2426 540 3081 1034 1551 2798 4974 4055 4508 4040 680 3236 3366 206 1260 4967 4316 4808 226 4818 2087 1259 472 2160 804 
2299 191 1804 408 2007 2525 4918 1908 269 1450 4783 4057 2951 3470 3735 1868 4342 4395 2749 637 3063 959 2255 4893 4883 3358 4738 1407 4451 4949 220 2905 4363 129 1416 538 1271 3585 835 1230 2980 593 4284 2856 1424 1481 3065 1239 3588 2510 
4920 3524 4816 1023 1034 3691 512 1946 4071 672 3254 1160 1214 100 3833 2110 700 4344 196 4046 2775 4273 225 3509 427 4549 3840 3094 741 1333 2138 439 2230 635 691 4595 690 4677 752 944 1689 4227 1221 2801 1710 4806 3258 2118 4270 2329 
3855 1347 2683 4557 4637 1566 2298 4527 2215 3845 4506 4965 3129 3664 1967 4905 1144 4570 4029 3692 3506 2598 4664 2975 4903 552 3931 774 4664 665 3247 4326 2015 3303 927 3009 1623 1733 491 1439 3797 1254 529 2895 1312 496 4618 2526 789 3062 
676 3984 2222 2526 4875 3845 3940 1005 222 2469 3922 3328 256 655 1908 788 2459 197 2136 3272 4868 4957 2227 4289 2331 2756 3143 4310 4409 716 636 862 3679 1208 3125 4711 1868 2020 3740 2736 2511 1226 2449 1817 4422 2659 1622 49 4583 4099 
3206 1048 725 776 840 1134 782 2356 2231 2388 2602 2712 2460 746 133 660 1286 2664 4993 941 3336 4073 1150 790 2203 677 844 2706 14 2622 259 2329 2412 3293 400 3385 2669 1958 4642 1374 2191 1001 3662 13 3358 1938 2792 4509 1785 1035 
4571 3376 1455 3721 2771 1777 1226 1748 3352 4725 1795 955 2030 4911 639 536 2195 527 2136 2839 25 1899 2183 325 789 673 3960 646 2294 635 782 3999 1890 2580 3754 670 733 514 334 2471 2284 364 1910 3944 2561 1510 4321 1135 3688 3739 
1132 4610 3161 2890 215 3368 1454 3236 2989 3990 3328 485 518 1868 2509 65 583 2593 1910 1897 1421 1420 2246 62 1694 773 172 4197 3201 1820 653 44 702 1784 403 4020 1536 434 1867 39 4930 1610 4542 1756 1008 18 726 1136 1456 1379 
1596 1535 1929 3933 1047 820 2179 3235 2231 4685 2567 2149 3138 259 1056 3623 3223 1296 777 2963 1970 1674 2361 1827 3632 175 45 2193 4571 2657 2813 2594 2440 1908 2074 1480 766 2357 4093 3408 2298 4326 1020 1748 4929 3991 401 3073 445 3671 
4811 4691 444 292 857 2175 3413 487 2036 1665 813 4211 788 4328 4977 2367 3686 599 1685 3186 4557 2053 748 1879 3239 3071 3545 1338 33 2293 3781 4201 1589 2186 4705 1302 2386 1639 2359 3236 4165 75 3260 4175 679 580 2097 2977 839 3425 
3354 2843 3154 1915 3614 3513 1144 4712 3009 1721 2016 4890 62 1117 2375 3152 1441 599 3613 1188 1292 1909 1392 4661 3384 1949 245 4565 1270 138 4220 4926 4598 4655 3628 1648 976 35 1039 2022 3314 4518 4271 4226 706 60 3977 2590 1076 3408 
897 468 621 2402 2526 2728 4696 2956 871 4253 1161 425 4526 133 1905 206 1652 4662 1874 1894 1469 2025 3724 665 4950 4572 15 3541 1516 3330 2233 2672 4222 3881 4178 2484 1918 2181 2214 3644 4172 3523 1714 590 764 216 4339 2106 361 811 
4396 4714 2057 737 2239 4889 827 2184 182 1481 2887 1573 577 664 1573 2274 2610 99 4464 986 1920 1486 924 1007 1833 3722 3022 870 4164 1216 1515 1937 4518 3222 3508 3614 2826 175 4448 302 2982 1207 2066 816 508 2912 4557 2406 2223 62 
3373 481 3535 2210 1064 1249 3934 3621 1932 3927 4611 2731 2107 3559 1103 2322 3765 2336 959 2763 1444 3078 313 4688 4110 153 4626 431 4478 1327 3903 4598 164 4296 3282 871 4758 3545 2160 422 903 3515 953 1793 520 412 2600 4327 156 3023 
1380 2684 4912 1648 4725 1300 1850 2050 339 797 105 4228 1427 3339 4133 2201 1123 2478 801 871 4169 4974 4422 4363 2198 2874 4834 1450 2577 1189 2249 3555 4802 3762 410 4132 587 2290 894 1266 3254 4844 1060 3821 3691 2788 657 1258 1288 3598 
2678 3723 1575 2228 3058 1797 3322 935 57 2072 258 4499 3461 180 2904 2542 2125 2330 155 1851 699 3161 2716 4961 2738 1498 1942 2393 3423 1365 1211 1824 1343 2973 42 4545 4618 3978 3037 264 3126 198 4450 490 4983 4747 1640 4896 3934 2258 
805 3278 1264 3694 4573 3495 1384 99 318 707 3895 3553 4826 3540 1371 4782 3660 4461 3526 1362 4326 2332 672 4124 1315 569 1319 1398 696 2183 4951 1916 2801 2276 3133 1123 1177 2652 3480 1680 2537 3690 4618 3382 341 81 4802 1220 564 847 
1982 3310 1679 3475 720 1898 2667 3017 2518 2646 1266 4556 2375 217 3222 1956 2930 2071 1384 1824 4129 3049 208 2477 3678 4780 1398 2647 605 3576 81 3287 499 1476 2246 2751 1525 785 2675 1290 2475 3836 3276 3191 4174 3591 4805 607 56 3762 
4481 4732 1435 1926 2827 77 4710 4507 4212 159 4675 123 588 3239 2364 2582 3524 3005 4967 2263 627 715 95 374 2623 2519 4173 4384 406 2852 4990 716 1798 1120 2127 247 1706 1905 2423 4387 4894 2561 2068 579 1653 4564 2481 4482 3440 344 
390 4261 394 4029 360 1038 1706 764 1427 4690 2465 1260 3221 3053 1165 1219 2628 4701 1580 250 2075 2380 2133 1356 305 3882 4124 3001 763 98 1428 2430 4067 1155 4274 3607 3800 4667 4967 4407 4152 2519 4078 3039 1851 4262 1383 4589 1291 2886 
1771 3111 4465 3206 2817 3001 1065 2647 2808 2228 2664 2413 2886 2415 1429 1538 4145 4769 4254 700 1740 3720 2493 3398 2924 36 763 2357 4987 744 1162 4388 3949 2058 3705 3258 2569 3816 2956 2009 3795 2261 259 547 255 4476 372 3752 4240 4173 
3339 3643 1706 4998 3521 1534 4572 3740 378 4259 3251 3522 1683 3005 443 2136 2220 3454 1287 2840 4283 3018 4363 3829 89 3147 4711 1581 185 2055 4447 881 4286 1367 2209 2794 4004 4817 4710 814 4434 3648 4485 2787 294 3987 933 1963 2977 315 
2065 137 1973 3705 841 1763 3084 2231 2862 2721 2619 4917 2006 4669 2567 4040 401 2683 2102 3654 1378 2563 4978 3109 2434 3892 2521 1796 218 867 4488 962 2808 1796 3722 782 749 1073 2411 414 3892 145 3050 2796 3740 3882 4734 198 1097 4034 
3976 4365 2736 4930 2370 2520 2882 980 4662 114 2684 2279 4114 2577 4084 2697 850 3481 2886 1404 87 376 4648 4892 2623 2595 4898 2040 652 1209 1691 4470 3873 790 2064 3500 4747 4595 2581 4221 3868 1836 1137 2576 1454 178 1269 975 1606 1946 
14 4278 3671 4861 1787 1259 569 434 312 606 3496 1273 5 408 4042 2145 2761 1265 1324 413 2019 2572 4756 3538 202 2238 492 2148 2939 3559 3933 537 3939 1927 1267 518 2933 2333 4120 1648 4934 4612 4219 4654 368 3752 890 2934 1116 3624 
1861 3885 955 2715 1637 3779 159 1919 4685 1934 4173 2864 2704 2830 2126 151 4291 753 1678 2227 4132 255 3836 4804 2620 3985 4148 733 4985 1341 2465 617 4430 1221 2351 3426 215 337 3639 4150 4104 818 1556 635 4718 4385 1623 461 4704 2343 
3118 2773 1694 22 2210 1027 739 4728 2608 304 4359 1999 1104 1925 416 4764 1205 1201 891 2435 628 4401 1597 679 408 1336 3703 4442 2365 4009 545 432 1620 666 2053 1165 367 3844 4464 2412 2358 208 1205 3754 2608 2404 1211 4154 717 1326 
1527 1281 1228 2249 3325 1229 4785 990 315 1458 4410 1052 398 2461 2521 4787 1850 2581 3204 2381 764 3166 436 4750 1874 207 3747 1014 2589 4631 3361 2348 845 1764 3968 2445 3758 12 2479 1109 2139 871 164 2022 624 932 2662 1111 2956 2916 
4041 3710 3846 3716 3155 3185 182 871 3103 4657 4800 2035 2576 1601 565 2986 3656 4382 147 2404 2785 2535 1454 1803 2692 294 1430 2255 2080 1103 1403 2267 782 2312 1766 3088 27 1866 1874 2240 2149 2112 4707 38 3305 213 3798 1036 3524 4323 
3585 4381 3736 1057 4700 2588 4106 45 800 132 2858 2250 2383 2178 3683 4539 893 1440 2603 2097 1853 2260 2477 1793 1951 4608 1997 2034 3352 3450 1387 1477 2946 1983 2637 1798 246 1316 2710 1698 2799 3333 3579 3065 1321 3410 3655 4150 2602 1230 
637 2277 1951 321 262 2292 4482 617 1068 237 1195 1981 3487 4155 2645 1850 2221 899 3923 1985 3623 2014 1498 1761 3258 3084 2264 3705 1195 2314 4885 513 919 3526 3697 3337 2874 1843 798 2465 4438 3489 3992 2059 2342 1382 946 3990 35 4995 
187 2813 4855 160 2585 2616 2952 634 3956 2256 2455 2070 2974 2944 1210 3526 546 1363 3959 3315 475 2921 2530 4243 334 1102 4433 750 1122 172 4054 4508 3726 3999 1764 2713 1757 1465 4685 4531 4838 1936 403 1635 3718 2245 238 2674 2882 4207 
2822 1991 3095 2583 1738 3214 3509 1276 2520 2794 292 3298 4293 886 3389 4959 2599 1425 788 1174 1985 152 277 368 895 3865 3973 2735 3771 3469 249 3124 4423 20 2629 2116 2724 4904 430 127 554 3227 2816 1874 1737 1602 2184 1021 2960 4383 
2001 742 2652 1129 2569 1623 2675 1255 1673 3798 3008 1125 4656 820 2 2501 4746 553 2121 4841 1008 486 2073 1328 2439 4466 3874 2384 581 33 3566 387 489 1465 2149 4349 403 1223 1838 1477 300 954 3959 4650 2271 1982 1990 3632 4503 1989 
3065 4042 3779 1096 2963 2626 2912 4708 4160 3287 446 755 3027 4575 734 2471 749 3261 4930 1671 4601 1308 1645 4251 3598 4077 1188 4978 173 2789 4733 3351 4659 2851 4743 2687 2001 680 1299 4598 322 4320 1106 1699 4533 2792 1687 4025 4692 4569 
4766 4151 4532 2700 3044 4338 2102 2694 1433 2929 3917 1757 1580 2169 281 2099 1829 202 315 3067 209 1738 1058 4818 3817 2825 1397 4993 3916 917 4490 3232 4383 4599 319 12 146 229 4455 348 2725 401 479 1424 3962 1570 4809 3643 4357 2265 
4688 3699 3329 487 4334 4606 1228 2773 2587 3536 230 1308 1087 770 718 2631 1305 4477 4678 1005 3840 2375 1176 643 3 2853 4649 1977 3556 362 1877 4484 3722 1127 4891 4645 1319 2300 1218 4935 1655 3189 52 1190 2466 4192 3170 2079 3652 2502 
609 3578 4947 137 899 3887 2216 2285 1416 2184 1642 1697 335 1683 3903 1312 2440 2540 221 4771 292 4152 4504 3361 583 4388 3116 4298 4764 991 1406 4600 1289 461 1198 4319 1861 2350 4736 2295 3656 1046 155 4808 370 134 4608 389 3527 2564 
215 451 2952 4478 2695 868 2333 2556 2957 2911 3218 1631 1504 1995 4544 1460 290 564 1494 4158 2529 1172 768 787 1150 646 2318 3093 2029 4135 2320 1477 1447 494 4560 3651 141 2165 4128 2952 3949 112 3719 2711 2698 2246 4814 289 351 3302 
4159 4961 3452 1308 464 927 956 3955 140 4729 3550 2429 3531 1639 1099 377 2940 1389 3103 3349 4800 2894 1788 2540 72 4391 2163 3625 2081 2419 2084 3525 1143 781 2713 2502 1000 4354 4637 2736 795 3960 602 864 1881 3242 2324 3839 2842 2166 
736 691 4795 304 3138 2324 3551 4352 3893 742 1875 2225 1091 2714 3430 3468 2871 4730 1713 4021 993 1013 2100 3923 275 1367 3705 1006 2010 101 1484 3060 2311 2336 107 3701 1702 384 2355 3416 302 3378 3035 1381 546 1141 629 4708 2144 2073 
250 3478 2560 1601 2637 1435 4239 1579 3115 1323 781 4950 4170 1977 1683 1067 1735 3901 4385 895 1612 4393 623 1496 2178 2158 1826 4565 347 2015 3330 3787 4268 4110 1146 2805 1848 2526 4823 3244 2000 2346 3532 192 4738 4964 3365 381 2296 88 
4595 1826 3379 2073 1976 1390 4767 4660 43 843 1584 508 2118 3767 269 134 4526 1721 3869 2982 1707 513 3863 1129 3897 891 2886 2285 4221 4574 1645 2045 4476 2168 3871 4930 3833 2300 4042 4055 2349 14 269 3363 1548 1086 303 1364 4213 4236 
2530 4498 1922 4947 2217 1489 1474 3136 773 1188 3467 4189 4022 1854 2675 4169 4536 3418 4089 875 1556 1647 3560 1447 2025 4132 4780 1152 4730 2682 3223 4494 3593 753 390 4977 3884 3915 2368 4575 2488 369 975 3339 907 2194 1578 1103 447 1675 
1921 2867 4939 1036 3299 3302 1636 1655 2861 2851 3916 4566 1076 4896 1977 1877 4381 1980 1770 654 1418 575 1278 2740 3432 4079 2093 1346 71 32 1370 3588 2698 4203 1834 4190 2159 3690 3582 148 1424 3642 4847 330 492 4402 67 4981 4056 4203 
1554 89 506 297 2319 4893 3183 338 1219 2652 3011 1812 1772 3957 3601 3219 958 2605 4468 2819 2040 1883 3990 3923 4515 1116 3998 2459 1638 857 1927 4535 2229 670 1406 1693 3251 940 4924 3987 4166 57 1758 2252 274 102 2473 2893 4345 3913 
3826 1386 2041 2276 4197 1503 3758 3670 4555 76 2930 2281 2858 504 3866 3676 1240 3737 875 905 3471 1003 1197 3105 1944 1488 198 255 3969 3070 4570 1346 2032 3343 2154 959 269 1061 1194 2567 4395 3748 1575 3477 4600 349 1545 3218 2558 896 
1150 1796 3760 2001 2048 3637 4632 679 1791 4632 3936 3777 4753 2665 2928 1969 1801 4549 3856 1918 3750 2447 1718 3764 2670 653 26 3111 1427 4546 4416 4192 268 2070 846 543 303 4627 2927 4241 2230 4897 39 2444 4095 1764 784 3265 2336 3876 
1188 3569 1667 1318 1764 1436 470 929 2128 4077 2983 4667 2376 138 278 4397 2139 2058 627 1348 901 2616 81 4698 2294 607 4571 4837 1913 4790 343 3453 850 2919 192 4484 204 4099 3928 1713 3482 2104 1229 4493 2964 4573 1227 666 165 1620 
4923 1905 4130 33 1915 3595 1373 515 2005 4210 1363 4593 3796 4777 4314 3207 1725 3385 2520 2345 1155 789 2320 3991 4493 4464 1982 1057 1787 1982 3109 4477 1711 537 4694 3983 689 1437 3068 3520 4462 1741 150 2282 2601 791 3172 1154 2602 1757 
1854 3327 2191 3462 1458 1179 1648 3389 1196 1944 863 896 3202 4980 4520 1011 2872 2976 757 1214 4986 3381 1621 3189 1329 720 3590 1422 1368 2584 1312 1704 1159 1917 1772 3714 4367 2515 2645 674 3879 608 982 1407 1102 3194 2956 3233 3754 1548 
2238 135 928 3499 3706 1073 621 3796 1057 280 733 192 1350 2626 2123 2314 4331 2515 1872 952 2445 3024 4806 1449 2672 2269 2047 519 4942 1634 90 260 3340 2929 975 4681 950 1283 3554 3653 692 188 2685 2387 4524 60 1865 1439 691 2279 
4381 2386 2086 511 4723 4892 4550 3145 1934 1298 1171 4550 1673 696 272 2466 4164 144 2431 842 4392 1764 110 3721 2062 1680 955 4068 82 3308 1372 1872 2958 2352 1458 3272 876 152 999 3451 3475 3979 653 4844 4799 3231 3401 3604 3586 4975 
2776 766 3367 4552 2160 1601 2753 2992 1306 3084 4135 1887 3823 4908 3786 3259 4921 4809 4250 1935 27 4050 38 4955 1243 3750 1731 1498 1719 3182 216 2207 4918 3743 2215 2770 545 2067 2069 1418 4553 3906 1190 4939 2419 917 2635 3226 681 924 
2333 3734 4338 24 2343 2490 3038 2563 703 2384 2754 3951 149 1208 2339 1989 4175 2657 1969 4807 1908 3391 217 96 1615 1782 1232 1410 3159 1174 3028 3015 3581 2303 1333 2364 1229 2255 2749 948 4753 4338 4355 1185 4602 4289 1830 1088 688 2014 
1760 421 4284 3287 1129 4116 52 2225 726 4883 1903 2270 4026 852 3490 3722 2571 2351 4890 2331 1560 3631 2354 1295 138 1067 4911 1171 728 1688 234 4129 4943 2029 1334 2889 1201 3496 4339 4331 1598 2975 2227 787 3513 3730 755 1255 3773 4943 
2172 4901 2807 3173 1250 984 4573 1765 4764 677 4679 37 29 1081 1237 4200 850 3621 4354 3059 1590 493 935 2616 379 101 179 2080 2809 797 890 3781 1507 2862 2067 4966 2920 4925 134 2895 2968 4040 2645 216 489 975 2291 180 4672 1013 
587 4301 3187 1358 522 4413 3262 4835 1023 1400 4124 2660 1266 4489 4217 446 995 2771 2582 125 2916 1057 1221 435 4130 1903 4069 170 1143 738 296 1302 3212 2709 3179 295 3534 2654 2365 414 3054 17 4604 1485 1941 4676 1205 2596 4559 410 
1954 2385 1480 1531 3569 3143 4180 2075 1962 1587 1067 4786 3105 4835 1086 2677 3189 2767 1147 4148 1528 741 2127 1859 1193 3472 4116 3396 1262 592 2736 1772 1493 760 3544 4349 4181 84 1693 3845 3560 865 4495 989 300 4362 3607 3660 2507 4727 
3161 3845 4711 3289 1874 918 1802 2004 1454 618 1069 1428 4349 1882 391 867 1526 455 4577 2121 2805 2620 295 2973 3018 1689 1969 579 3490 178 227 3151 4073 1986 4298 4009 4239 4554 848 2562 1243 1599 4122 661 1534 3059 4344 3809 4234 546 
1396 1990 266 2175 2335 3366 2923 1752 3856 2751 4524 120 1414 3806 306 1955 1721 190 2247 191 4251 1113 3772 274 109 2334 4204 454 2783 2251 707 3996 1936 2069 4606 3584 815 3526 2429 1953 3521 854 3279 1436 2100 181 212 4121 1299 2063 
1697 3086 3363 2418 2952 4258 2765 4588 582 357 3878 3809 4145 2166 3075 2139 1897 4054 3377 1490 4445 4515 3643 1735 1866 447 2589 627 1840 3066 241 3965 3934 1325 2112 4492 159 3153 948 2978 2204 3583 2299 962 1908 97 4046 1627 1521 3088 
4163 3020 1045 1416 2559 1883 1245 3001 1920 681 2397 2592 3107 408 4148 4133 2089 1376 3162 1310 4704 462 1151 4316 1455 3910 1053 347 4737 2899 1712 3560 3286 3204 1229 1079 422 2961 2385 3851 639 206 1019 2945 1809 543 309 263 2464 1438 
2191 3456 362 1872 581 1803 3490 3878 3331 1390 4620 1891 173 637 2361 4849 923 608 805 1274 101 43 2488 91 4307 1359 3914 3699 929 1297 67 2461 4409 4609 4906 4449 3665 3662 2051 882 1886 913 1054 252 1225 87 2278 2324 753 2395 
1871 2765 4217 1459 1020 3944 2484 977 3808 539 598 2725 1003 4861 1133 3464 439 609 184 340 2292 961 2326 819 3752 1502 2499 1046 4355 3253 3270 1440 4131 251 3406 3577 2451 4700 1006 2462 4297 208 4454 1793 2880 4008 3381 165 1419 4639 
4932 1814 2563 644 1652 2230 315 1568 1635 2714 1953 4051 187 3031 984 2259 4115 4711 36 784 1722 2392 6 417 3177 4119 2041 1827 4096 1840 2420 3236 1012 4730 489 787 2096 2713 692 3786 2353 4355 4400 4390 2910 1136 3719 3655 3872 3771 
1305 4947 3943 2094 1215 1823 3525 3685 3568 3505 383 2066 3675 2736 4840 2497 198 2733 2280 1820 4958 3366 3918 834 2528 4967 4777 3939 3208 12 2982 4735 1448 2662 3373 3808 2788 4722 2804 1237 1275 248 4040 3633 4464 4113 1145 2427 1785 1082 
526 551 3304 2921 1673 381 3673 270 1052 3840 443 476 60 4410 2698 424 3180 2294 2476 4585 1093 1422 3251 2056 1565 782 2490 1290 198 1361 1852 2531 1545 1354 3273 2478 3738 1293 3370 274 1694 2456 1535 2671 4802 2972 3791 3522 2925 3224 
3152 453 2321 3952 784 2186 846 2505 43 1753 2816 1737 733 960 282 3661 298 1699 4314 4163 1964 4284 287 81 486 556 4680 661 1663 1035 4631 2022 2808 2613 3191 3603 4433 2150 2233 939 2297 4239 3661 2132 2501 4576 839 584 2163 2656 
3144 717 2463 4324 1183 1764 878 1036 479 2781 289 2532 2251 24 4020 2690 1487 1287 3496 2787 240 3506 4549 1051 4639 2883 2732 2612 4250 2756 4540 2062 2748 517 4915 1209 1823 1234 1952 2887 1294 3540 1847 3605 3895 3319 2252 4715 2769 2444 
1003 4890 4075 3008 1679 4669 4270 461 738 2556 3475 3951 2685 1269 4495 3185 872 1779 4878 1433 2532 4524 1766 1138 2783 1405 2374 1673 3624 129 910 882 1491 1346 2104 299 1455 2751 1080 1401 102 150 3401 2698 2509 1804 296 3947 85 1667 
2716 59 1561 4539 4846 3215 3282 1341 4653 4607 535 2779 861 3241 464 532 4625 3845 4532 4287 2447 73 4842 2701 844 1206 4509 2068 2607 858 1580 1993 1330 183 873 1166 4030 1403 4495 4308 2398 322 2114 618 351 1762 4930 1311 4398 165 
1152 3981 754 1980 1012 767 4548 3665 2070 2868 4429 2574 3115 2668 4175 2932 2418 2274 1662 3471 4080 2763 4200 1232 3233 2310 418 3747 1168 4644 573 3923 1673 642 2234 4386 637 3701 722 1253 925 4653 4841 46 3955 2397 4403 2580 4965 377 
4559 17 3963 2953 579 1203 492 622 416 1565 1427 4211 2000 4534 2112 3254 894 691 12 1342 4197 3288 4701 278 1235 364 1563 3139 3790 382 706 3163 1688 4475 2041 3847 3983 3850 4538 731 3009 1489 3924 251 1686 2864 3069 2672 1286 2126 
1403 2323 2269 1612 1605 2776 1011 679 445 2343 2113 1810 4185 192 1489 3107 4946 973 1557 932 3909 2452 867 2085 1145 724 2872 3456 2495 2696 1810 4990 808 4067 4162 1744 500 1515 418 975 3839 4552 2771 1552 2297 1199 3483 11 3046 882 
1837 2267 27 3546 3280 4219 4314 2920 2421 3374 4000 1232 1411 1176 733 4487 1029 3955 2603 1038 3479 1301 3186 2031 1629 2976 2060 24 1037 2113 3749 3382 821 278 1133 340 4544 426 1161 148 4661 594 774 821 4040 3181 2416 286 3182 1663 
3714 3834 3067 2839 4198 836 942 1434 3376 1220 2527 2479 2126 4307 3671 2677 3891 411 2801 1 2612 675 312 77 3898 4722 2498 797 1370 1961 3395 3035 3057 958 4292 1838 1859 278 430 1494 3502 675 4642 3164 826 1046 242 3088 4549 2135 
1205 3378 4404 2627 327 3229 4572 2525 2895 4952 3538 2728 3606 455 2207 4179 3885 4610 4353 3462 1741 1405 4814 2220 4612 664 2930 946 2319 2119 4474 1831 1755 1052 2705 4620 4281 3443 1348 3998 1354 3871 4674 2898 2678 523 4558 2136 1347 836 
3599 2283 684 1933 4807 1560 3520 466 787 1213 3077 2362 155 996 4228 1351 723 759 1982 2791 2897 3550 608 1376 960 2735 3635 751 1924 878 4496 258 790 1358 2762 4759 3331 4038 2451 4732 2720 1239 3692 4553 968 229 1711 435 2098 1708 
4631 330 780 229 3403 1893 3389 1833 2502 3940 1242 3325 3923 454 855 4630 407 780 352 175 3575 2381 1320 4745 3964 4716 3105 307 2836 2832 277 1922 355 1562 3374 1026 3562 2140 3385 269 3390 3264 1264 2572 4068 134 2455 1532 212 106 
3727 2899 4603 3469 2378 1475 3390 2019 3950 3877 2315 366 1910 3578 2514 1209 2476 1502 2685 4975 3876 1918 3412 2188 1397 4123 4916 2540 2993 2520 1232 4835 1432 4241 1560 3117 1495 1660 1161 3151 2167 3764 405 3229 147 411 3093 3205 2241 696 
684 3316 4829 1674 1070 2320 1171 2588 4225 1510 1372 4609 1683 2973 3258 1409 1012 4275 4703 4861 93 710 2611 4663 673 1677 2413 4950 3771 704 1404 4521 4088 149 1645 457 4567 21 2464 3284 838 3718 231 2535 3942 50 191 4020 609 3264 
2306 589 1003 2050 1955 1447 1696 1566 3795 2442 388 537 2124 2992 1129 1825 1229 4676 4028 3633 45 102 1904 1971 947 364 2848 2505 2261 794 775 3700 575 2685 1098 433 2527 860 3664 3817 1959 1928 1785 4287 610 4070 4421 2528 2523 67 
