43 94 110 128 161 182 330 390 439 528 702 925 1113 1168 1296 1310 1446 1454 1514 1634 1783 2162 2241 2368 2508 2540 2734 2838 2849 2867 2980 3106 3192 3450 3498 3581 3727 3742 3800 3816 3858 3954 4210 4348 4526 4550 4724 4905 4927 4939 

110 360 399 482 621 624 779 791 838 856 882 1024 1055 1112 1142 1364 1430 1437 1573 1815 1830 1878 1965 2013 2116 2176 2186 2350 2371 2463 2463 2531 2618 2670 2725 2767 2799 2870 3068 3250 3293 3542 4000 4069 4071 4253 4391 4598 4657 4710 

665 764 842 858 900 916 921 1152 1210 1272 1424 1489 1492 1641 1644 1808 1995 2011 2264 2325 2351 2428 2459 2551 2716 2888 2960 2965 3004 3016 3148 3235 3241 3316 3618 3624 3794 3906 3908 3958 3961 3992 4208 4241 4310 4361 4540 4757 4800 4977 

20 170 770 837 949 1084 1098 1128 1161 1194 1197 1323 1436 1452 1492 1600 1643 1727 1951 1969 2072 2157 2182 2263 2438 2545 2619 2678 2796 2824 2840 2867 2927 3066 3127 3278 3402 3575 3700 3703 3738 3931 4040 4117 4264 4358 4673 4752 4846 4916 

289 391 481 485 683 766 897 976 1069 1130 1276 1316 1332 1374 1493 1496 1511 1999 2057 2064 2167 2177 2211 2299 2371 2379 2469 2582 2604 2623 2875 3445 3483 3516 3601 3649 3667 3716 3806 3940 3973 3993 4079 4090 4458 4737 4792 4910 4922 4944 

15 16 36 43 121 129 218 258 281 342 396 462 498 550 618 650 770 1028 1149 1187 1274 1445 1660 1730 1755 1983 2035 2149 2241 2242 2251 2270 2373 2501 2675 2751 2797 2864 2939 3236 3241 3259 3550 3611 3736 3743 3918 4340 4564 4878 

88 232 370 469 517 588 629 783 792 1008 1034 1038 1325 1492 1545 1675 1720 1737 1761 1851 2070 2079 2216 2242 2277 2388 2441 2494 2507 2541 2624 2805 3005 3351 3458 3467 3489 3498 3505 3709 3726 3828 3852 3967 4546 4621 4729 4896 4928 4986 

9 55 74 206 411 459 944 1379 1556 1573 1670 1702 1720 1813 2079 2106 2111 2153 2256 2331 2364 2482 2495 2744 2840 2856 2993 3041 3047 3138 3158 3251 3309 3381 3404 3410 3675 3759 3918 3961 4004 4051 4241 4251 4280 4339 4357 4395 4651 4979 

11 316 318 580 591 629 661 691 701 732 752 813 927 1013 1190 1286 1360 1368 1503 1703 1818 1862 2063 2071 2104 2116 2148 2191 2359 2759 2824 2835 2936 3005 3093 3111 3247 3266 3388 3410 3531 3646 3991 4090 4197 4218 4352 4377 4403 4732 

122 164 266 270 332 380 426 847 876 954 1023 1102 1152 1376 1650 1682 1746 1779 1877 2026 2182 2423 2438 2557 2571 2588 2632 2668 2759 2803 2834 2857 2984 3128 3230 3493 3731 3752 3843 3953 4006 4142 4202 4311 4359 4421 4641 4789 4791 4846 

272 292 403 438 524 547 557 605 642 661 677 811 877 912 923 997 1030 1147 1342 1417 1556 1574 1708 1757 1763 1821 1866 2094 2271 2294 2317 2342 2835 3226 3320 3343 3356 3433 3735 3748 3757 3836 4042 4221 4255 4260 4379 4666 4688 4745 

332 349 409 469 696 738 855 1132 1289 1329 1342 1464 1499 1531 1652 1680 1768 1783 1886 1986 2012 2037 2045 2168 2176 2398 2448 2495 2703 2706 2778 3040 3121 3184 3196 3699 3722 3813 3827 4063 4085 4384 4428 4505 4622 4698 4751 4931 4953 4981 

49 258 311 778 1028 1221 1246 1251 1278 1316 1457 1505 1550 1649 1856 1957 1983 2017 2031 2090 2230 2443 2618 2648 2861 2864 3081 3104 3514 3669 3728 3788 3796 3806 3994 4037 4169 4230 4265 4273 4290 4335 4402 4404 4409 4416 4757 4851 4879 4904 

68 576 622 713 769 867 981 1009 1115 1250 1315 1507 1680 1853 1964 2022 2034 2119 2148 2304 2426 2442 2473 2525 2557 2581 2674 2718 2749 2780 3053 3119 3121 3177 3222 3431 3513 3545 3714 4027 4169 4227 4314 4320 4473 4523 4711 4759 4859 4951 

80 133 217 231 342 391 465 609 694 718 722 733 849 1076 1245 1264 1268 1343 1484 1798 1947 2014 2084 2103 2129 2400 2543 2756 2814 3043 3305 3350 3398 3554 3688 3730 3759 3809 3910 3985 4045 4281 4492 4600 4611 4699 4713 4738 4888 4979 

2 214 253 297 409 456 492 543 611 718 781 900 1013 1071 1291 1420 1500 1585 1609 1737 1751 1818 1841 1955 2195 2225 2326 2331 2731 2856 2923 2982 3058 3065 3201 3376 3602 3795 3831 3952 4241 4273 4301 4305 4371 4483 4566 4580 4581 4585 

56 99 180 229 532 614 659 1001 1183 1374 1464 1499 1638 1754 1787 1822 1827 1834 1868 2048 2105 2122 2188 2188 2285 2409 2533 2630 3090 3129 3243 3272 3276 3497 3563 3647 3697 3799 3877 4266 4435 4508 4512 4542 4584 4836 4899 4949 4982 4987 

149 212 231 246 307 687 736 788 828 837 913 1024 1065 1300 1338 1407 1468 1492 1496 1523 1555 1830 1936 2107 2377 2475 2563 2566 2590 2639 2712 2810 2926 3060 3106 3189 3665 3732 3972 3982 3993 4177 4218 4281 4325 4401 4410 4898 4958 4993 

14 94 335 342 636 698 742 914 1182 1406 1501 1522 1550 1650 1757 2085 2345 2408 2439 2479 2504 2673 2759 2811 2831 2887 3052 3062 3147 3200 3240 3315 3488 3581 3676 3850 4010 4037 4042 4127 4144 4247 4285 4386 4416 4431 4742 4841 4868 4884 

137 151 174 237 323 371 409 496 504 670 894 932 943 971 1249 1259 1400 1478 1487 1779 1781 1945 1946 2191 2253 2257 2369 2604 2633 2931 3037 3043 3307 3490 3507 3630 3672 3693 3725 3774 3819 3955 4225 4343 4460 4662 4694 4712 4780 4835 

39 75 144 298 546 641 986 1037 1090 1105 1464 1481 1550 1572 1794 1849 1881 2041 2095 2135 2151 2163 2172 2278 2355 2374 2569 2621 2785 2931 2937 2991 3076 3209 3230 3276 3344 3596 3631 3998 4025 4045 4288 4325 4617 4706 4710 4806 4856 4940 

284 306 371 483 506 541 853 873 885 1208 1221 1235 1274 1286 1388 1403 1461 1505 1758 1827 2007 2046 2057 2524 2766 2840 2849 2850 2997 3033 3058 3168 3279 3282 3288 3347 3452 3616 3643 3751 3995 4011 4036 4044 4054 4122 4204 4221 4659 4958 

15 86 193 197 429 820 823 910 938 978 1491 1646 1691 1703 1756 1801 1844 1912 2228 2409 2483 2561 2731 2835 2866 2883 2900 2956 2958 3161 3179 3256 3289 3465 3591 3710 3786 3897 3942 3959 4043 4098 4482 4516 4655 4728 4828 4900 4927 4978 

53 99 347 399 405 572 607 721 728 767 774 840 862 979 1019 1108 1118 1320 1435 1449 1467 1552 1625 1912 1977 2196 2424 2581 2592 2860 2864 2992 3086 3272 3273 3309 3596 3610 3614 3751 3809 3825 4028 4249 4355 4549 4673 4837 4921 4998 

12 27 101 117 224 243 253 310 402 440 617 909 1016 1017 1030 1247 1314 1527 1670 1674 1801 2060 2091 2099 2150 2181 2332 2506 2551 2616 2761 2821 2952 2998 3014 3046 3147 3244 3271 3275 3583 3654 3789 3790 3840 3943 4098 4108 4431 4876 

165 169 358 509 531 757 773 1137 1142 1195 1405 1427 1647 1713 1722 1807 1826 2019 2148 2210 2342 2551 2676 2678 2697 2782 2790 2889 3290 3426 3485 3501 3678 3693 3698 3760 3766 3901 4005 4030 4030 4195 4358 4529 4590 4593 4665 4670 4879 4972 

9 90 264 363 499 625 848 903 921 1012 1031 1111 1123 1146 1252 1368 1386 1413 1486 1488 1502 1771 1814 1825 1841 2057 2354 2532 2538 2637 2656 2857 2911 2911 3032 3142 3241 3429 3482 3541 3705 3735 4072 4139 4140 4192 4418 4530 4532 4774 

85 187 235 333 425 763 901 926 1049 1241 1277 1323 1641 1677 1781 1797 1986 1997 2003 2146 2422 2619 2721 2749 2807 2899 2913 2914 2927 3075 3410 3429 3521 3521 3550 3846 3986 4011 4012 4044 4100 4189 4205 4262 4267 4724 4821 4954 4964 4996 

7 95 310 348 406 525 540 657 700 736 738 771 816 997 1139 1168 1257 1353 1534 1615 1640 1654 1673 1750 1862 1884 1987 2032 2137 2163 2254 2478 3128 3154 3273 3319 3381 3520 3525 3639 3680 3743 3755 4082 4150 4461 4656 4670 4858 4882 

40 106 113 244 317 396 418 468 478 575 670 826 882 890 1096 1146 1188 1222 1300 1361 1453 1664 1666 1673 1842 1957 1989 2042 2049 2082 2179 2437 2497 2843 3024 3041 3100 3230 3470 3516 3734 3778 4012 4264 4539 4595 4667 4818 4946 4979 

104 134 587 628 640 641 681 693 786 971 971 1048 1130 1187 1322 1333 1378 1427 1787 1809 1838 1903 2079 2215 2572 2572 2682 2728 2732 2808 2868 2878 2879 2925 2974 3116 3122 3211 3764 3828 4009 4212 4303 4326 4359 4503 4527 4535 4548 4604 

43 167 198 206 244 273 383 466 486 603 726 771 955 994 1042 1049 1068 1093 1219 1449 1627 1689 1719 1881 1948 2324 2359 2458 2771 2797 3245 3316 3323 3421 3455 3829 4094 4121 4413 4450 4495 4620 4668 4671 4761 4865 4866 4868 4902 4964 

26 57 68 144 197 216 225 391 740 790 836 1182 1291 1333 1423 1656 1675 1681 1829 1961 1976 1993 1993 2044 2053 2213 2347 2479 2596 2603 2627 2682 2705 2860 3028 3038 3152 3461 3788 3835 4000 4009 4227 4526 4546 4573 4693 4843 4893 4923 

28 190 261 645 706 841 846 956 1115 1224 1302 1330 1372 1559 1592 1773 1773 1909 1944 2011 2111 2113 2174 2392 2446 2493 2618 2795 2860 2924 3167 3178 3220 3278 3561 3573 3635 3656 3857 3867 3975 4105 4186 4235 4308 4317 4337 4517 4551 4740 

104 218 431 479 521 730 753 817 891 991 996 1188 1272 1495 1656 1982 2180 2183 2400 2451 2580 2604 2713 2728 2913 2950 2975 2997 3002 3021 3072 3075 3142 3157 3221 3250 3492 3524 3548 3663 3672 3856 4217 4255 4365 4544 4563 4567 4602 4807 

79 283 545 873 903 975 989 1037 1119 1198 1276 1316 1385 1441 1621 1705 1879 1986 1997 2011 2054 2088 2099 2426 2438 2749 2836 3110 3303 3338 3359 3466 3468 3568 3673 3715 3799 3830 3847 3938 4220 4253 4260 4295 4335 4371 4433 4670 4676 4904 

6 21 119 263 347 518 536 625 791 830 862 863 874 942 985 1002 1055 1239 1241 1349 1407 1414 1427 1628 1638 1791 1903 2238 2431 2534 2570 2681 3054 3064 3139 3406 3583 3702 3836 3896 3987 4034 4066 4123 4241 4472 4489 4739 4807 4856 

75 76 135 254 357 370 690 701 749 796 801 916 1016 1139 1139 1164 1300 1446 1604 1626 2035 2060 2203 2243 2521 2540 2562 2647 2749 2752 2802 2866 3282 3385 3461 3568 3595 3893 3957 4022 4029 4146 4391 4399 4407 4529 4597 4606 4925 4962 

29 63 121 281 313 340 393 507 539 791 802 817 930 1011 1155 1258 1270 1401 1500 1539 1986 2300 2321 2369 2562 2644 2776 2836 2851 2911 3012 3183 3184 3235 3583 3689 3833 4008 4300 4341 4546 4598 4637 4671 4742 4755 4765 4849 4905 4925 

114 118 159 257 272 289 456 564 688 764 848 1168 1263 1277 1284 1299 1341 1391 1470 1523 1654 1840 1853 1910 1922 1924 1946 2214 2320 2372 2420 2826 2848 2871 2968 3298 3571 3609 3910 4127 4206 4241 4280 4348 4480 4543 4683 4760 4790 4887 

139 256 487 525 550 712 964 997 1013 1191 1284 1348 1466 1583 1602 1623 1627 1740 1831 1860 2035 2061 2113 2166 2209 2700 2759 2767 2768 2892 2895 2917 2962 3016 3019 3050 3125 3427 3488 3762 3868 3919 3987 3991 4005 4053 4195 4548 4758 4842 

17 181 374 575 619 675 678 790 849 859 994 1014 1125 1201 1346 1421 1428 1548 1602 1859 1867 1941 2090 2133 2198 2210 2300 2328 2367 2576 2669 2792 2813 2888 2912 2954 3019 3069 3146 3193 3256 3482 3826 4199 4228 4297 4449 4466 4767 4895 

204 252 274 344 348 395 522 714 742 816 856 879 887 924 925 1008 1153 1216 1325 1349 1376 1428 1483 1549 1557 1558 1611 1710 1774 1781 1804 1894 1984 2265 2457 2502 2526 2710 3066 3235 3367 3731 3820 4130 4153 4365 4447 4572 4660 4724 

84 227 464 491 513 545 598 631 633 646 707 722 839 901 1167 1195 1231 1470 1673 1704 2314 2347 2451 2568 2662 2663 2779 2799 2824 2897 3023 3056 3119 3319 3350 3821 3990 3996 4106 4402 4406 4411 4428 4564 4699 4758 4810 4849 4851 4955 

7 116 153 204 319 510 715 728 787 822 879 925 1155 1271 1405 1549 1708 1754 1848 1863 1871 1950 1975 2183 2263 2268 2277 2423 2736 2852 2855 2970 2982 3010 3068 3459 3507 3575 3750 3881 4133 4184 4377 4381 4398 4478 4642 4658 4695 4700 

0 49 172 388 452 453 560 705 716 750 819 886 991 1032 1181 1358 1444 1682 1687 1712 1829 2117 2220 2223 2406 2655 2919 3002 3224 3251 3255 3305 3372 3499 3530 3605 3662 3672 3676 4023 4139 4208 4319 4380 4560 4730 4879 4879 4936 4975 

52 74 286 425 430 503 546 644 730 824 870 941 1094 1148 1253 1433 1551 1723 1767 1848 2052 2059 2181 2371 2468 2628 2747 2930 2986 3215 3294 3441 3454 3520 3681 3691 3779 3793 3809 3812 3819 3848 3897 3933 4025 4052 4053 4156 4669 4990 

118 250 254 327 348 510 566 713 852 859 924 994 1038 1149 1353 1361 1396 1468 1480 1578 1596 1662 1776 1803 1968 2021 2120 2162 2183 2259 2274 2653 2803 2887 2984 3169 3201 3344 3377 3497 3543 3620 4025 4265 4307 4312 4338 4411 4430 4437 

45 207 451 555 707 747 772 773 790 1129 1271 1416 1462 1517 1670 1703 1777 1860 1867 2030 2142 2163 2193 2194 2315 2437 2450 2650 2657 2711 2778 2836 3517 3751 3770 3896 4179 4206 4298 4330 4404 4410 4538 4584 4701 4769 4824 4866 4914 4942 

63 84 93 107 111 129 195 217 364 467 471 493 515 534 690 797 821 829 905 912 1046 1113 1153 1193 1315 1352 1398 1595 1872 2323 2567 2580 2604 2663 2758 2839 2954 3078 3373 3467 3524 3614 3839 3970 4189 4271 4444 4453 4607 4997 

107 244 288 514 573 784 854 871 876 955 1167 1225 1330 1413 1604 1623 1676 1710 1844 1844 1987 2138 2175 2342 2470 2534 2683 2712 2790 2987 2991 3000 3002 3247 3269 3360 3424 3501 3615 3678 3846 3923 3991 4055 4150 4460 4649 4717 4737 4797 

160 286 343 400 521 666 929 962 991 1043 1159 1349 1453 1472 1558 1703 1731 2005 2059 2060 2195 2597 2648 2787 2942 2974 2979 3085 3147 3259 3393 3410 3491 3538 3663 3689 3760 3964 3966 3981 3991 4081 4114 4138 4193 4199 4308 4547 4582 4982 

78 84 122 127 212 236 393 454 460 693 728 839 1000 1226 1327 1372 1712 1741 1793 1797 1927 2013 2051 2107 2229 2430 2453 2691 2722 2733 2740 2897 2938 2966 3177 3228 3311 3401 3480 3654 3678 3751 3782 3839 3989 4309 4416 4433 4678 4959 

272 323 423 602 671 803 1087 1118 1285 1565 1585 1596 1655 1658 1726 1937 2067 2094 2109 2181 2206 2330 2446 2454 2501 2556 2603 2965 3225 3282 3291 3617 3846 3913 3922 4016 4049 4064 4112 4181 4205 4279 4359 4365 4474 4499 4528 4580 4707 4732 

146 228 348 380 531 607 633 810 1086 1129 1204 1218 1242 1272 1336 1357 1363 1482 1563 1646 1764 1955 1988 1998 2046 2222 2249 2291 2343 2447 2464 2607 2718 2753 2937 2994 3201 3204 3276 3373 3393 3666 4075 4150 4264 4421 4439 4598 4809 4962 

100 139 179 192 395 399 601 666 736 1002 1040 1151 1213 1259 1506 1570 1584 1740 1807 1942 2023 2040 2396 2495 2556 2569 2590 2608 2677 2995 3416 3451 3509 3682 3758 3763 3782 3824 3897 3904 4079 4156 4182 4306 4306 4431 4745 4822 4852 4880 

453 641 675 702 984 1106 1120 1174 1202 1421 1425 1465 1579 1693 1724 1769 1777 1801 1963 2045 2202 2324 2483 2487 2638 2746 2791 2792 2808 2899 2920 2930 3008 3163 3191 3193 3638 3827 4006 4011 4063 4152 4293 4331 4400 4431 4603 4789 4804 4936 

123 213 284 286 394 403 404 455 546 554 580 928 1117 1193 1351 1549 1629 1650 1655 1705 2028 2137 2239 2256 2331 2361 2551 2563 2591 2721 2846 2951 2963 3054 3261 3571 3646 3782 3850 3934 3968 4013 4131 4138 4555 4576 4659 4678 4854 4972 

111 116 185 191 202 241 305 312 356 453 654 748 975 1129 1167 1287 1346 1418 1488 1529 1738 1748 2032 2067 2236 2402 2490 2562 2571 2654 2796 2840 3037 3250 3309 3500 3718 3869 3992 4026 4204 4207 4383 4400 4611 4678 4682 4747 4860 4966 

55 58 63 237 377 409 462 518 686 718 725 763 859 893 940 1072 1092 1114 1180 1264 1342 1372 1406 1416 1544 1648 1698 1813 1957 2000 2020 2376 2444 2776 2865 3004 3004 3055 3059 3064 3144 3225 3334 3587 3589 3877 4122 4203 4674 4692 

85 115 119 268 349 645 649 784 954 1484 1519 1593 1655 1678 1752 1824 1835 1875 1951 1958 2056 2127 2148 2282 2312 2593 2617 2646 2652 2780 2842 3050 3209 3251 3315 3319 3400 3430 3487 3534 3720 3936 4008 4302 4457 4491 4511 4816 4850 4872 

10 46 97 146 175 179 187 207 235 269 317 366 476 486 590 720 913 1021 1027 1091 1191 1208 1293 1312 1556 1930 2026 2202 2251 2326 2526 2575 2891 3123 3187 3231 3952 4011 4090 4095 4230 4311 4333 4394 4463 4481 4551 4688 4813 4870 

159 349 368 460 469 542 611 636 648 729 782 804 1024 1070 1164 1460 1634 1780 1786 1829 1962 2042 2247 2541 2541 2637 2797 2889 2899 3020 3229 3322 3398 3448 3496 3620 3748 3818 3832 3955 4130 4137 4160 4218 4324 4402 4421 4480 4885 4997 

49 188 234 235 287 498 526 553 578 882 909 962 997 1173 1296 1396 1492 1513 1514 1834 2008 2047 2057 2130 2195 2196 2281 2478 2493 2501 2669 2852 3261 3348 3391 3462 3618 3631 3828 3953 4022 4048 4092 4290 4522 4587 4597 4866 4915 4925 

28 76 184 275 384 415 571 709 924 1050 1108 1118 1295 1299 1572 1633 1682 1854 1871 1901 1905 1962 2232 2283 2915 2991 3131 3316 3368 3375 3543 3633 3668 3708 3720 3763 3928 4157 4159 4165 4473 4587 4612 4622 4696 4824 4829 4897 4902 4943 

167 204 364 408 423 499 665 754 835 837 1115 1411 1494 1519 1669 1726 1917 1950 1974 2036 2080 2124 2150 2178 2222 2233 2240 2350 2591 2625 2685 2693 2704 2751 2799 2903 3176 3308 3343 3612 3704 4080 4242 4245 4458 4492 4628 4646 4700 4872 

358 377 381 390 422 547 737 760 923 968 1026 1026 1077 1470 1498 1519 1839 1886 1940 2070 2098 2241 2298 2386 2439 2469 2511 2521 2622 2721 2786 2899 2970 3068 3112 3178 3350 3425 3455 3567 3607 3846 4061 4287 4313 4617 4727 4749 4840 4968 

156 181 294 434 557 582 699 738 802 807 1046 1127 1169 1195 1381 1480 1500 1550 1682 1847 2006 2455 2488 2602 2634 2717 2803 2871 2901 3417 3424 3576 3593 3616 3648 3649 3747 3747 3925 4009 4104 4106 4160 4160 4231 4409 4434 4712 4820 4962 

99 145 278 352 659 1030 1293 1513 1609 1693 1982 2095 2260 2284 2376 2414 2470 2651 2671 2788 2821 2838 2909 2933 3071 3071 3106 3118 3119 3182 3268 3313 3346 3399 3630 3649 3691 3736 3908 3976 3999 4063 4364 4434 4476 4713 4718 4859 4893 4978 

147 171 242 454 459 592 635 903 973 992 1040 1190 1293 1416 1484 1539 1637 1664 1901 1969 2039 2126 2240 2245 2281 2371 2426 2617 2756 2869 3199 3216 3546 3675 3768 3791 4057 4071 4180 4327 4424 4475 4586 4626 4631 4657 4683 4700 4927 4986 

32 112 125 429 757 789 996 1096 1099 1139 1150 1261 1442 1444 1506 1654 1735 1775 1862 1993 2243 2264 2282 2283 2405 2421 2539 2732 2797 2808 2871 3253 3303 3336 3440 3781 3784 3874 3937 3967 4029 4093 4142 4219 4444 4538 4540 4549 4910 4972 

25 31 95 123 124 223 261 529 530 607 694 762 795 822 945 992 1003 1160 1280 1588 1592 1675 1737 1798 2116 2121 2146 2230 2416 2483 2621 2654 2674 2749 2772 2790 2894 3085 3460 3599 3735 3884 3995 4091 4217 4367 4369 4579 4711 4965 

58 106 113 205 223 246 276 291 297 372 382 584 663 679 756 855 1164 1272 1368 1538 1569 1586 1667 1724 1743 1816 1994 1997 2154 2237 2301 2472 2539 2673 2711 3066 3070 3211 3449 3564 3725 3844 3996 4141 4196 4536 4611 4817 4854 4858 

52 146 154 221 371 419 486 574 805 1247 1259 1274 1351 1516 1672 1735 1787 1886 2071 2282 2319 2413 2479 2502 2531 2603 2718 2782 3200 3262 3308 3311 3609 3957 3993 4005 4026 4155 4232 4341 4371 4482 4547 4590 4605 4606 4619 4703 4724 4931 

8 102 253 286 310 368 480 512 592 786 830 855 945 954 1213 1554 1616 1709 1735 1746 1763 1846 2001 2011 2021 2026 2137 2425 2477 2483 2731 2829 3078 3257 3337 3352 3424 3478 3541 3555 3606 3843 3894 3958 4323 4379 4542 4598 4638 4946 

8 249 302 439 473 699 710 840 952 1194 1245 1245 1496 1695 1697 1837 1866 1915 1955 1966 1975 1992 2033 2079 2245 2324 2511 2675 2720 2759 2901 3045 3095 3138 3247 3255 3282 3379 3400 3510 3614 3833 4144 4182 4358 4501 4510 4601 4805 4830 

93 119 140 148 154 383 405 483 554 604 660 725 727 815 1091 1106 1125 1173 1178 1308 1320 1349 1572 1586 1900 1971 1989 2137 2433 2459 2629 2858 3045 3352 3569 3612 3835 3865 4079 4165 4266 4293 4320 4447 4457 4475 4590 4668 4902 4972 

6 27 54 82 193 340 348 375 431 464 466 530 577 816 1261 1269 1380 1909 1927 2049 2069 2332 2464 2491 2523 2531 2633 2707 2733 2776 2839 2989 3323 3419 3481 3583 3858 3977 4210 4271 4548 4584 4627 4656 4728 4730 4763 4774 4860 4881 

278 297 385 385 428 434 512 622 693 827 1123 1290 1307 1358 1536 1606 1755 1840 1983 2092 2233 2297 2308 2479 2616 2678 2697 2736 2756 2839 2891 2955 2994 3166 3253 3273 3340 3485 3613 3652 3860 4111 4242 4357 4378 4557 4586 4816 4975 4983 

11 65 191 273 428 445 470 686 1043 1127 1136 1157 1289 1324 1390 1525 1560 1581 1627 1775 1821 2058 2099 2187 2497 2574 2644 2677 3121 3148 3429 3506 3537 3551 3575 3922 4023 4119 4205 4328 4377 4483 4501 4626 4714 4761 4853 4899 4918 4978 

10 16 30 107 252 404 549 627 725 827 944 1036 1121 1189 1321 1339 1401 1413 1432 1547 1568 1907 2041 2085 2110 2180 2223 2362 2366 2376 2452 2912 3052 3096 3104 3212 3279 3301 3792 3906 4119 4129 4289 4315 4364 4480 4731 4739 4809 4889 

245 257 368 409 516 595 789 874 953 976 1109 1210 1439 1538 1597 1600 1659 1680 1699 1984 2039 2101 2168 2183 2357 2558 2609 2924 2949 3013 3025 3083 3441 3458 3517 3636 3693 3705 3773 3822 3919 3968 4327 4485 4498 4545 4592 4598 4689 4880 

36 402 436 477 582 590 596 648 792 807 850 1016 1117 1307 1311 1374 1497 1588 1809 1868 1868 1896 2083 2131 2209 2255 2378 2381 2410 2424 2559 2560 2859 2859 3021 3028 3069 3311 3432 3474 3528 3611 3892 4102 4511 4544 4597 4599 4608 4766 

44 49 91 294 311 314 431 477 477 581 617 622 857 883 916 1025 1218 1268 1330 1420 1494 1770 1868 2101 2105 2111 2298 2328 2380 2492 2558 2663 2665 2707 2720 2912 3421 3540 3616 3692 4161 4228 4345 4456 4514 4587 4880 4918 4919 4953 

47 69 100 254 269 362 384 579 635 717 737 867 941 1064 1217 1299 1435 1489 1788 1955 1975 2200 2272 2321 2406 2556 2792 2941 3039 3056 3242 3267 3330 3391 3425 3431 3433 3451 3528 3686 3701 3803 3878 3943 4105 4155 4210 4274 4668 4882 

142 143 176 221 560 608 913 917 967 985 1017 1205 1314 1428 1526 1596 1611 1816 1856 1872 1895 2004 2131 2349 2389 2528 2681 2749 2787 2865 2879 2947 3233 3300 3510 3618 3690 3827 3867 3894 3917 3944 4132 4143 4281 4586 4739 4824 4876 4963 

47 140 160 210 461 532 615 650 717 729 831 859 1161 1163 1182 1319 1386 1401 1553 1694 2091 2447 2538 2606 2632 2693 2803 2855 2993 3062 3271 3560 3619 3641 3724 3729 3733 3848 3869 3905 3944 4047 4047 4217 4243 4301 4437 4663 4710 4812 

36 193 216 298 392 441 589 768 771 816 903 913 1029 1106 1176 1304 1313 1383 1428 1432 1479 1520 1541 1850 2024 2065 2113 2274 2351 2438 2477 2530 2777 2992 3013 3130 3132 3246 3263 3427 3595 3716 3761 3816 3870 4016 4038 4205 4382 4651 

303 365 417 527 743 820 948 1118 1214 1313 1324 1444 1492 1515 1533 1540 1670 1732 1900 2050 2071 2195 2259 2267 2418 2465 2621 2698 2767 2768 2859 2980 3011 3275 3302 3455 3480 3540 3551 3579 3627 3685 3988 3998 4216 4369 4438 4446 4670 4699 

58 67 116 335 451 537 586 654 676 740 859 868 1046 1071 1096 1289 1357 1371 1481 1669 1680 2028 2051 2062 2128 2133 2160 2287 2495 2701 2884 2955 3071 3419 3656 3838 3910 3942 3954 3984 4004 4021 4131 4156 4333 4389 4537 4659 4853 4929 

247 294 371 771 899 920 1083 1137 1144 1277 1306 1322 1567 2041 2091 2145 2179 2187 2243 2273 2559 2578 2590 2598 2633 2638 2902 2926 2964 2981 3167 3390 3412 3469 3476 3511 3522 3564 3713 4099 4223 4322 4338 4487 4496 4497 4627 4682 4929 4949 

2 151 331 404 409 437 478 555 576 605 625 1120 1476 1556 1884 1998 2018 2020 2064 2342 2385 2396 2426 2428 2596 2752 2758 2763 2766 2878 2965 3108 3289 3291 3371 3667 3766 3834 3908 4020 4108 4122 4251 4422 4477 4534 4567 4827 4870 4916 

16 58 76 222 239 239 390 448 452 529 557 641 652 653 654 696 942 952 1034 1099 1239 1445 1607 2060 2101 2130 2138 2345 2421 2448 2480 2498 2499 2929 3023 3051 3271 3463 3745 3775 3829 3861 3975 4130 4143 4248 4508 4656 4820 4962 

95 195 244 255 763 821 822 866 902 956 991 997 1037 1185 1316 1319 1321 1665 1720 1734 1795 1874 2032 2053 2069 2341 2522 2542 2625 2764 2894 2901 3157 3169 3210 3330 3497 3731 3754 3771 3823 3944 4095 4113 4158 4333 4504 4580 4702 4940 

3 24 79 86 149 167 208 280 510 553 553 557 621 721 797 826 883 909 1023 1092 1097 1111 1462 1624 1691 1729 1930 2080 2094 2296 2414 2456 2579 2758 2945 3042 3240 3450 3499 3572 3696 3845 3915 4560 4680 4715 4730 4736 4785 4888 

203 217 232 265 305 406 410 603 637 844 965 1153 1310 1318 1375 1419 1470 1485 1947 2056 2059 2174 2185 2200 2217 2440 2559 2673 2780 2952 3059 3232 3247 3306 3309 3498 3571 3624 3850 3998 4301 4438 4472 4518 4554 4607 4678 4726 4882 4915 

80 91 315 447 473 505 523 596 728 867 939 1065 1116 1138 1211 1606 1705 2013 2089 2286 2307 2349 2411 2682 2724 2739 2746 2753 2846 2888 2930 2949 3093 3195 3209 3431 3733 3891 3933 4068 4214 4447 4543 4629 4700 4704 4799 4815 4896 4977 

58 62 673 791 808 1013 1093 1204 1250 1255 1308 1423 1668 1692 1777 1992 1996 2004 2084 2176 2228 2333 2399 2578 2762 2935 3104 3180 3309 3333 3389 3395 3666 3843 3909 3935 3963 4114 4163 4303 4523 4558 4570 4606 4660 4784 4895 4910 4934 4947 

128 139 203 262 281 322 483 658 767 856 868 901 933 974 1017 1045 1054 1133 1134 1379 1603 1607 1642 1786 1808 2335 2349 2380 2469 2488 2520 2631 3131 3179 3234 3301 3388 3564 3879 3955 3999 4000 4348 4370 4710 4751 4764 4816 4935 4979 

81 147 188 276 820 825 864 891 1013 1025 1225 1265 1368 1575 1615 1661 1773 1878 1909 1911 1974 2108 2245 2354 2394 2421 2551 2591 2650 2654 2926 3329 3415 3472 3528 3543 4014 4035 4165 4232 4334 4339 4371 4408 4448 4599 4662 4717 4909 4939 

42 73 81 398 453 521 568 631 689 766 780 790 840 898 1014 1053 1081 1214 1297 1384 1466 1498 1661 1760 1782 1941 1962 1962 2044 2339 2368 2417 2431 2743 2746 3030 3180 3408 3472 3477 3555 3916 3923 4180 4185 4512 4542 4707 4801 4978 

159 167 317 527 658 739 1130 1327 1460 1515 1550 1617 1635 1641 1715 1718 1767 1939 1946 1983 2054 2105 2126 2202 2266 2339 2376 2423 2541 2745 2871 2936 3169 3546 3546 3593 3624 3638 3688 3785 3963 4089 4146 4424 4446 4491 4665 4719 4876 4927 

124 132 185 353 512 625 837 840 927 1105 1231 1233 1268 1278 1287 1324 1421 1496 1520 1554 1573 1628 1667 1693 1745 2015 2043 2048 2278 2390 2399 2514 2518 2571 2633 2640 2905 2926 3116 3278 3871 4206 4217 4267 4285 4293 4408 4586 4673 4850 

3 100 193 231 251 367 377 584 612 731 965 1030 1193 1469 1550 1685 1695 1756 1778 1839 1967 2049 2214 2238 2276 2410 2436 2468 2474 2529 2533 2733 2738 2858 2877 2877 2904 2958 2976 3005 3110 3205 3211 3800 3812 4100 4164 4432 4571 4920 

151 881 885 914 1007 1046 1140 1193 1256 1296 1394 1565 1640 1645 1695 1875 2068 2163 2168 2174 2262 2449 2540 2587 2635 2696 2735 2752 2873 3161 3169 3466 3467 3515 3614 4019 4065 4076 4109 4133 4171 4185 4226 4255 4266 4683 4770 4779 4831 4866 

113 198 283 341 378 572 857 870 977 1125 1182 1183 1537 1686 1790 1868 1955 2001 2078 2145 2164 2191 2196 2436 2535 2644 2663 2663 2773 2809 2883 2894 2902 3233 3244 3494 3649 3766 3800 3873 3913 4033 4238 4414 4532 4580 4706 4757 4851 4995 

251 299 399 458 542 670 763 877 900 954 962 1014 1085 1355 1459 1481 1519 1522 1800 1811 2096 2190 2284 2342 2455 2606 2667 2669 2676 2803 2844 3016 3058 3113 3136 3213 3225 3248 3370 3847 3901 4020 4155 4179 4220 4228 4531 4811 4881 4939 

29 110 127 379 448 451 567 714 795 921 949 1009 1102 1283 1298 1298 1345 1631 1651 1664 2073 2080 2085 2310 2324 2356 2412 2525 2618 2634 2875 2916 2924 2968 3003 3321 3336 3481 3576 3907 3932 3943 4101 4544 4598 4608 4612 4733 4852 4954 

164 222 306 812 871 1032 1194 1241 1309 1321 1332 1358 1476 1538 1547 1582 1586 1610 1643 1682 1861 1870 1936 2081 2186 2252 2374 2703 2796 2912 3117 3347 3347 3481 3545 3555 3654 3686 3893 4047 4104 4202 4263 4281 4383 4679 4755 4798 4864 4926 

174 423 511 815 834 857 905 958 1199 1268 1322 1561 1669 1760 1832 1875 1891 1902 1992 2152 2191 2408 2538 2653 2717 2867 2974 2977 3085 3093 3212 3243 3270 3445 3483 3547 3743 3891 3892 3900 3911 3954 4093 4150 4159 4283 4764 4805 4843 4922 

55 126 131 170 411 429 528 590 717 831 891 902 949 1050 1097 1114 1119 1139 1311 1428 1566 1737 1804 1835 2016 2090 2337 2626 2635 2660 2721 2931 2942 2967 2981 3094 3747 3876 4042 4271 4332 4396 4549 4642 4644 4709 4710 4759 4766 4798 

22 59 231 332 342 362 433 565 639 787 813 1110 1370 1447 1572 1638 1813 1814 1856 1862 2089 2105 2112 2124 2180 2335 2355 2543 2596 2610 2637 2704 2746 2755 3123 3367 3443 4108 4114 4144 4186 4363 4367 4376 4436 4448 4563 4662 4901 4955 

62 208 218 229 234 314 358 422 561 564 637 697 702 721 818 904 1054 1183 1260 1379 1415 1492 1642 1656 1658 1750 1811 1876 2079 2149 2311 2403 2499 2676 2987 3163 3198 3439 3537 3560 3575 3659 3771 3847 3955 4451 4590 4716 4848 4925 

52 120 182 201 312 344 376 390 499 620 626 726 774 1096 1171 1486 1584 1784 1854 1978 2049 2294 2297 2355 2356 2404 2424 2548 2641 2644 2685 3221 3298 3361 3506 3520 3564 3632 3816 3909 4109 4237 4290 4383 4430 4825 4884 4933 4937 4944 

179 277 285 343 435 619 644 650 690 695 764 814 984 998 1275 1276 1415 1513 1569 1798 1992 2130 2241 2328 2416 2501 2585 2662 2665 2803 2827 2969 3039 3233 3254 3281 3364 3540 3883 3928 4240 4547 4578 4591 4646 4650 4754 4766 4814 4842 

1 31 103 213 290 432 590 724 898 1006 1259 1310 1345 1401 1409 1446 1451 1532 1721 1736 1752 2021 2069 2266 2727 2755 2829 2833 2855 2943 3033 3037 3287 3650 3766 3884 4165 4308 4342 4393 4545 4547 4578 4619 4644 4654 4669 4770 4837 4839 

23 249 271 381 422 553 583 779 787 847 1009 1022 1036 1160 1490 1570 1639 1653 1760 1903 1906 1958 2012 2029 2030 2140 2250 2268 2362 2567 3142 3432 3544 3551 3604 3676 3694 3977 4263 4299 4350 4604 4642 4662 4687 4763 4836 4902 4926 4997 

50 206 226 400 432 433 472 540 680 752 804 822 956 1022 1034 1239 1259 1260 1519 1551 2087 2160 2238 2426 2478 2678 2798 2854 3081 3176 3236 3249 3366 3403 3753 3857 3938 4040 4055 4316 4335 4371 4508 4647 4692 4808 4818 4852 4967 4974 

129 191 220 269 408 538 593 637 835 959 1230 1239 1271 1407 1416 1424 1450 1481 1804 1868 1908 2007 2255 2299 2510 2525 2749 2856 2905 2951 2980 3063 3065 3358 3470 3585 3588 3735 4057 4284 4342 4363 4395 4451 4738 4783 4883 4893 4918 4949 

100 196 225 427 439 512 635 672 690 691 700 741 752 944 1023 1034 1160 1214 1221 1333 1689 1710 1946 2110 2118 2138 2230 2329 2775 2801 3094 3254 3258 3509 3524 3691 3833 3840 4046 4071 4227 4270 4273 4344 4549 4595 4677 4806 4816 4920 

491 496 529 552 665 774 789 927 1144 1254 1312 1347 1439 1566 1623 1733 1967 2015 2215 2298 2526 2598 2683 2895 2975 3009 3062 3129 3247 3303 3506 3664 3692 3797 3845 3855 3931 4029 4326 4506 4527 4557 4570 4618 4637 4664 4664 4903 4905 4965 

49 197 222 256 636 655 676 716 788 862 1005 1208 1226 1622 1817 1868 1908 2020 2136 2222 2227 2331 2449 2459 2469 2511 2526 2659 2736 2756 3125 3143 3272 3328 3679 3740 3845 3922 3940 3984 4099 4289 4310 4409 4422 4583 4711 4868 4875 4957 

13 14 133 259 400 660 677 725 746 776 782 790 840 844 941 1001 1035 1048 1134 1150 1286 1374 1785 1938 1958 2191 2203 2231 2329 2356 2388 2412 2460 2602 2622 2664 2669 2706 2712 2792 3206 3293 3336 3358 3385 3662 4073 4509 4642 4993 

25 325 334 364 514 527 536 635 639 646 670 673 733 782 789 955 1135 1226 1455 1510 1748 1777 1795 1890 1899 1910 2030 2136 2183 2195 2284 2294 2471 2561 2580 2771 2839 3352 3376 3688 3721 3739 3754 3944 3960 3999 4321 4571 4725 4911 

18 39 44 62 65 172 215 403 434 485 518 583 653 702 726 773 1008 1132 1136 1379 1420 1421 1454 1456 1536 1610 1694 1756 1784 1820 1867 1868 1897 1910 2246 2509 2593 2890 2989 3161 3201 3236 3328 3368 3990 4020 4197 4542 4610 4930 

45 175 259 401 445 766 777 820 1020 1047 1056 1296 1480 1535 1596 1674 1748 1827 1908 1929 1970 2074 2149 2179 2193 2231 2298 2357 2361 2440 2567 2594 2657 2813 2963 3073 3138 3223 3235 3408 3623 3632 3671 3933 3991 4093 4326 4571 4685 4929 

33 75 292 444 487 580 599 679 748 788 813 839 857 1302 1338 1589 1639 1665 1685 1879 2036 2053 2097 2175 2186 2293 2359 2367 2386 2977 3071 3186 3236 3239 3260 3413 3425 3545 3686 3781 4165 4175 4201 4211 4328 4557 4691 4705 4811 4977 

35 60 62 138 245 599 706 976 1039 1076 1117 1144 1188 1270 1292 1392 1441 1648 1721 1909 1915 1949 2016 2022 2375 2590 2843 3009 3152 3154 3314 3354 3384 3408 3513 3613 3614 3628 3977 4220 4226 4271 4518 4565 4598 4655 4661 4712 4890 4926 

15 133 206 216 361 425 468 590 621 665 764 811 871 897 1161 1469 1516 1652 1714 1874 1894 1905 1918 2025 2106 2181 2214 2233 2402 2484 2526 2672 2728 2956 3330 3523 3541 3644 3724 3881 4172 4178 4222 4253 4339 4526 4572 4662 4696 4950 

62 99 175 182 302 508 577 664 737 816 827 870 924 986 1007 1207 1216 1481 1486 1515 1573 1573 1833 1920 1937 2057 2066 2184 2223 2239 2274 2406 2610 2826 2887 2912 2982 3022 3222 3508 3614 3722 4164 4396 4448 4464 4518 4557 4714 4889 

153 156 164 313 412 422 431 481 520 871 903 953 959 1064 1103 1249 1327 1444 1793 1932 2107 2160 2210 2322 2336 2600 2731 2763 3023 3078 3282 3373 3515 3535 3545 3559 3621 3765 3903 3927 3934 4110 4296 4327 4478 4598 4611 4626 4688 4758 

105 339 410 587 657 797 801 871 894 1060 1123 1189 1258 1266 1288 1300 1380 1427 1450 1648 1850 2050 2198 2201 2249 2290 2478 2577 2684 2788 2874 3254 3339 3555 3598 3691 3762 3821 4132 4133 4169 4228 4363 4422 4725 4802 4834 4844 4912 4974 

42 57 155 180 198 258 264 490 699 935 1211 1343 1365 1498 1575 1640 1797 1824 1851 1942 2072 2125 2228 2258 2330 2393 2542 2678 2716 2738 2904 2973 3037 3058 3126 3161 3322 3423 3461 3723 3934 3978 4450 4499 4545 4618 4747 4896 4961 4983 

81 99 318 341 564 569 672 696 707 805 847 1123 1177 1220 1264 1315 1319 1362 1371 1384 1398 1680 1916 2183 2276 2332 2537 2652 2801 3133 3278 3382 3480 3495 3526 3540 3553 3660 3690 3694 3895 4124 4326 4461 4573 4618 4782 4802 4826 4951 

56 81 208 217 499 605 607 720 785 1266 1290 1384 1398 1476 1525 1679 1824 1898 1956 1982 2071 2246 2375 2475 2477 2518 2646 2647 2667 2675 2751 2930 3017 3049 3191 3222 3276 3287 3310 3475 3576 3591 3678 3762 3836 4129 4174 4556 4780 4805 

77 95 123 159 247 344 374 406 579 588 627 715 716 1120 1435 1653 1706 1798 1905 1926 2068 2127 2263 2364 2423 2481 2519 2561 2582 2623 2827 2852 3005 3239 3440 3524 4173 4212 4384 4387 4481 4482 4507 4564 4675 4710 4732 4894 4967 4990 

98 250 305 360 390 394 763 764 1038 1155 1165 1219 1260 1291 1356 1383 1427 1428 1580 1706 1851 2075 2133 2380 2430 2465 2519 2628 2886 3001 3039 3053 3221 3607 3800 3882 4029 4067 4078 4124 4152 4261 4262 4274 4407 4589 4667 4690 4701 4967 

36 255 259 372 547 700 744 763 1065 1162 1429 1538 1740 1771 2009 2058 2228 2261 2357 2413 2415 2493 2569 2647 2664 2808 2817 2886 2924 2956 3001 3111 3206 3258 3398 3705 3720 3752 3795 3816 3949 4145 4173 4240 4254 4388 4465 4476 4769 4987 

89 185 294 315 378 443 814 881 933 1287 1367 1534 1581 1683 1706 1963 2055 2136 2209 2220 2787 2794 2840 2977 3005 3018 3147 3251 3339 3454 3521 3522 3643 3648 3740 3829 3987 4004 4259 4283 4286 4363 4434 4447 4485 4572 4710 4711 4817 4998 

137 145 198 218 401 414 749 782 841 867 962 1073 1097 1378 1763 1796 1796 1973 2006 2065 2102 2231 2411 2434 2521 2563 2567 2619 2683 2721 2796 2808 2862 3050 3084 3109 3654 3705 3722 3740 3882 3892 3892 4034 4040 4488 4669 4734 4917 4978 

87 114 178 376 652 790 850 975 980 1137 1209 1269 1404 1454 1606 1691 1836 1946 2040 2064 2279 2370 2520 2576 2577 2581 2595 2623 2684 2697 2736 2882 2886 3481 3500 3868 3873 3976 4084 4114 4221 4365 4470 4595 4648 4662 4747 4892 4898 4930 

5 14 202 312 368 408 413 434 492 518 537 569 606 890 1116 1259 1265 1267 1273 1324 1648 1787 1927 2019 2145 2148 2238 2333 2572 2761 2933 2934 2939 3496 3538 3559 3624 3671 3752 3933 3939 4042 4120 4219 4278 4612 4654 4756 4861 4934 

151 159 215 255 337 461 617 635 733 753 818 955 1221 1341 1556 1623 1637 1678 1861 1919 1934 2126 2227 2343 2351 2465 2620 2704 2715 2830 2864 3426 3639 3779 3836 3885 3985 4104 4132 4148 4150 4173 4291 4385 4430 4685 4704 4718 4804 4985 

22 208 304 367 408 416 432 545 628 666 679 717 739 891 1027 1104 1165 1201 1205 1205 1211 1326 1336 1597 1620 1694 1925 1999 2053 2210 2358 2365 2404 2412 2435 2608 2608 2773 3118 3703 3754 3844 4009 4154 4359 4401 4442 4464 4728 4764 

12 164 207 315 398 436 624 764 845 871 932 990 1014 1052 1109 1111 1228 1229 1281 1458 1527 1764 1850 1874 2022 2139 2249 2348 2381 2445 2461 2479 2521 2581 2589 2662 2916 2956 3166 3204 3325 3361 3747 3758 3968 4410 4631 4750 4785 4787 

27 38 147 182 213 294 565 782 871 1036 1103 1403 1430 1454 1601 1766 1803 1866 1874 2035 2080 2112 2149 2240 2255 2267 2312 2404 2535 2576 2692 2785 2986 3088 3103 3155 3185 3305 3524 3656 3710 3716 3798 3846 4041 4323 4382 4657 4707 4800 

45 132 246 800 893 1057 1230 1316 1321 1387 1440 1477 1698 1793 1798 1853 1951 1983 1997 2034 2097 2178 2250 2260 2383 2477 2588 2602 2603 2637 2710 2799 2858 2946 3065 3333 3352 3410 3450 3579 3585 3655 3683 3736 4106 4150 4381 4539 4608 4700 

35 237 262 321 513 617 637 798 899 919 946 1068 1195 1195 1382 1498 1761 1843 1850 1951 1981 1985 2014 2059 2221 2264 2277 2292 2314 2342 2465 2645 2874 3084 3258 3337 3487 3489 3526 3623 3697 3705 3923 3990 3992 4155 4438 4482 4885 4995 

160 172 187 238 334 403 475 546 634 750 1102 1122 1210 1363 1465 1635 1757 1764 1936 2070 2245 2256 2455 2530 2585 2616 2674 2713 2813 2882 2921 2944 2952 2974 3315 3526 3718 3726 3956 3959 3999 4054 4207 4243 4433 4508 4531 4685 4838 4855 

20 127 152 249 277 292 368 430 554 788 886 895 1021 1174 1276 1425 1602 1737 1738 1874 1985 1991 2116 2184 2520 2583 2599 2629 2724 2735 2794 2816 2822 2960 3095 3124 3214 3227 3298 3389 3469 3509 3771 3865 3973 4293 4383 4423 4904 4959 

2 33 300 387 403 486 489 553 581 742 820 954 1008 1125 1129 1223 1255 1328 1465 1477 1623 1673 1838 1982 1989 1990 2001 2073 2121 2149 2271 2384 2439 2501 2569 2652 2675 3008 3566 3632 3798 3874 3959 4349 4466 4503 4650 4656 4746 4841 

173 322 446 680 734 749 755 1096 1106 1188 1299 1308 1645 1671 1687 1699 2001 2471 2626 2687 2789 2792 2851 2912 2963 3027 3065 3261 3287 3351 3598 3779 4025 4042 4077 4160 4251 4320 4533 4569 4575 4598 4601 4659 4692 4708 4733 4743 4930 4978 

12 146 202 209 229 281 315 319 348 401 479 917 1058 1397 1424 1433 1570 1580 1738 1757 1829 2099 2102 2169 2265 2694 2700 2725 2825 2929 3044 3067 3232 3643 3817 3916 3917 3962 4151 4338 4357 4383 4455 4490 4532 4599 4766 4809 4818 4993 

3 52 230 362 487 643 718 770 1005 1087 1127 1176 1190 1218 1228 1305 1308 1319 1655 1877 1977 2079 2300 2375 2466 2502 2587 2631 2773 2853 3170 3189 3329 3536 3556 3652 3699 3722 3840 4192 4334 4477 4484 4606 4645 4649 4678 4688 4891 4935 

134 137 155 221 292 335 370 389 461 583 609 899 991 1046 1198 1289 1312 1406 1416 1642 1683 1697 1861 2184 2216 2285 2295 2350 2440 2540 2564 3116 3361 3527 3578 3656 3887 3903 4152 4298 4319 4388 4504 4600 4608 4736 4764 4771 4808 4947 

112 141 215 289 290 351 451 494 564 646 768 787 868 1150 1172 1447 1460 1477 1494 1504 1631 1995 2029 2165 2246 2318 2320 2333 2529 2556 2695 2698 2711 2911 2952 2952 2957 3093 3218 3302 3651 3719 3949 4128 4135 4158 4478 4544 4560 4814 

72 140 377 464 602 781 795 864 927 956 1000 1099 1143 1308 1389 1639 1788 1881 2081 2084 2163 2166 2324 2419 2429 2502 2540 2713 2736 2842 2894 2940 3103 3242 3349 3452 3525 3531 3550 3625 3839 3955 3960 4159 4354 4391 4637 4729 4800 4961 

101 107 275 302 304 384 546 629 691 736 742 993 1006 1013 1091 1141 1367 1381 1484 1702 1713 1875 2010 2073 2100 2144 2225 2311 2324 2336 2355 2714 2871 3035 3060 3138 3378 3416 3430 3468 3551 3701 3705 3893 3923 4021 4352 4708 4730 4795 

88 192 250 347 381 623 781 895 1067 1146 1323 1435 1496 1579 1601 1612 1683 1735 1826 1848 1977 2000 2015 2158 2178 2296 2346 2526 2560 2637 2805 3115 3244 3330 3365 3478 3532 3787 3901 4110 4170 4239 4268 4385 4393 4565 4738 4823 4950 4964 

14 43 134 269 269 303 508 513 843 891 1086 1129 1364 1390 1548 1584 1645 1707 1721 1826 1976 2045 2073 2118 2168 2285 2300 2349 2886 2982 3363 3379 3767 3833 3863 3869 3871 3897 4042 4055 4213 4221 4236 4476 4526 4574 4595 4660 4767 4930 

369 390 447 753 773 875 907 975 1103 1152 1188 1447 1474 1489 1556 1578 1647 1675 1854 1922 2025 2194 2217 2368 2488 2530 2675 2682 3136 3223 3339 3418 3467 3560 3593 3884 3915 4022 4089 4132 4169 4189 4494 4498 4536 4575 4730 4780 4947 4977 

32 67 71 148 330 492 575 654 1036 1076 1278 1346 1370 1418 1424 1636 1655 1770 1834 1877 1921 1977 1980 2093 2159 2698 2740 2851 2861 2867 3299 3302 3432 3582 3588 3642 3690 3916 4056 4079 4190 4203 4203 4381 4402 4566 4847 4896 4939 4981 

57 89 102 274 297 338 506 670 857 940 958 1116 1219 1406 1554 1638 1693 1758 1772 1812 1883 1927 2040 2229 2252 2319 2459 2473 2605 2652 2819 2893 3011 3183 3219 3251 3601 3913 3923 3957 3987 3990 3998 4166 4345 4468 4515 4535 4893 4924 

76 198 255 269 349 504 875 896 905 959 1003 1061 1194 1197 1240 1346 1386 1488 1503 1545 1575 1944 2032 2041 2154 2276 2281 2558 2567 2858 2930 3070 3105 3218 3343 3471 3477 3670 3676 3737 3748 3758 3826 3866 3969 4197 4395 4555 4570 4600 

26 39 268 303 543 653 679 784 846 1150 1427 1718 1764 1791 1796 1801 1918 1969 2001 2048 2070 2230 2336 2444 2447 2665 2670 2927 2928 3111 3265 3637 3750 3760 3764 3777 3856 3876 3936 4095 4192 4241 4416 4546 4549 4627 4632 4632 4753 4897 

81 138 165 192 204 278 343 470 607 627 666 850 901 929 1188 1227 1229 1318 1348 1436 1620 1667 1713 1764 1913 2058 2104 2128 2139 2294 2376 2616 2919 2964 2983 3453 3482 3569 3928 4077 4099 4397 4484 4493 4571 4573 4667 4698 4790 4837 

33 150 515 537 689 789 791 1057 1154 1155 1363 1373 1437 1711 1725 1741 1757 1787 1905 1915 1982 1982 2005 2282 2320 2345 2520 2601 2602 3068 3109 3172 3207 3385 3520 3595 3796 3983 3991 4130 4210 4314 4462 4464 4477 4493 4593 4694 4777 4923 

608 674 720 757 863 896 982 1011 1102 1159 1179 1196 1214 1312 1329 1368 1407 1422 1458 1548 1621 1648 1704 1772 1854 1917 1944 2191 2515 2584 2645 2872 2956 2976 3189 3194 3202 3233 3327 3381 3389 3462 3590 3714 3754 3879 4367 4520 4980 4986 

60 90 135 188 192 260 280 519 621 691 692 733 928 950 952 975 1057 1073 1283 1350 1439 1449 1634 1865 1872 2047 2123 2238 2269 2279 2314 2387 2445 2515 2626 2672 2685 2929 3024 3340 3499 3554 3653 3706 3796 4331 4524 4681 4806 4942 

82 110 144 152 272 511 653 696 842 876 955 999 1171 1298 1372 1458 1673 1680 1764 1872 1934 2062 2086 2352 2386 2431 2466 2958 3145 3231 3272 3308 3401 3451 3475 3586 3604 3721 3979 4068 4164 4381 4392 4550 4550 4723 4799 4844 4892 4975 

27 38 216 545 681 766 917 924 1190 1243 1306 1418 1498 1601 1719 1731 1887 1935 2067 2069 2160 2207 2215 2419 2635 2753 2770 2776 2992 3084 3182 3226 3259 3367 3743 3750 3786 3823 3906 4050 4135 4250 4552 4553 4809 4908 4918 4921 4939 4955 

24 96 149 217 688 703 948 1088 1174 1185 1208 1229 1232 1333 1410 1615 1782 1830 1908 1969 1989 2014 2255 2303 2333 2339 2343 2364 2384 2490 2563 2657 2749 2754 3015 3028 3038 3159 3391 3581 3734 3951 4175 4289 4338 4338 4355 4602 4753 4807 

52 138 234 421 726 728 755 787 852 1067 1129 1171 1201 1255 1295 1334 1560 1598 1688 1760 1903 2029 2225 2227 2270 2331 2351 2354 2571 2889 2975 3287 3490 3496 3513 3631 3722 3730 3773 4026 4116 4129 4284 4331 4339 4883 4890 4911 4943 4943 

29 37 101 134 179 180 216 379 489 493 677 797 850 890 935 975 984 1013 1081 1237 1250 1507 1590 1765 2067 2080 2172 2291 2616 2645 2807 2809 2862 2895 2920 2968 3059 3173 3621 3781 4040 4200 4354 4573 4672 4679 4764 4901 4925 4966 

17 125 170 295 296 410 414 435 446 522 587 738 995 1023 1057 1143 1205 1221 1266 1302 1358 1400 1485 1903 1941 2365 2582 2596 2654 2660 2709 2771 2916 3054 3179 3187 3212 3262 3534 4069 4124 4130 4217 4301 4413 4489 4559 4604 4676 4835 

84 300 592 741 760 865 989 1067 1086 1147 1193 1262 1480 1493 1528 1531 1587 1693 1772 1859 1954 1962 2075 2127 2385 2507 2677 2736 2767 3105 3143 3189 3396 3472 3544 3560 3569 3607 3660 3845 4116 4148 4180 4181 4349 4362 4495 4727 4786 4835 

178 227 295 391 455 546 579 618 661 848 867 918 1069 1243 1428 1454 1526 1534 1599 1689 1802 1874 1882 1969 1986 2004 2121 2562 2620 2805 2973 3018 3059 3151 3161 3289 3490 3809 3845 4009 4073 4122 4234 4239 4298 4344 4349 4554 4577 4711 

109 120 181 190 191 212 266 274 306 454 707 815 854 1113 1299 1396 1414 1436 1721 1752 1936 1953 1955 1990 2063 2069 2100 2175 2247 2251 2334 2335 2429 2751 2783 2923 3279 3366 3521 3526 3584 3772 3806 3856 3996 4121 4204 4251 4524 4606 

97 159 241 357 447 582 627 948 962 1325 1490 1521 1627 1697 1735 1840 1866 1897 1908 2112 2139 2166 2204 2299 2418 2589 2765 2952 2978 3066 3075 3086 3088 3153 3363 3377 3583 3643 3809 3878 3934 3965 4046 4054 4145 4258 4445 4492 4515 4588 

206 263 309 347 408 422 462 543 639 681 1019 1045 1053 1079 1151 1229 1245 1310 1376 1416 1438 1455 1712 1809 1883 1920 2089 2385 2397 2464 2559 2592 2899 2945 2961 3001 3020 3107 3162 3204 3286 3560 3851 3910 4133 4148 4163 4316 4704 4737 

43 67 87 91 101 173 252 362 581 608 637 753 805 882 913 923 929 1054 1225 1274 1297 1359 1390 1803 1872 1886 1891 2051 2191 2278 2324 2361 2395 2461 2488 3331 3456 3490 3662 3665 3699 3878 3914 4307 4409 4449 4609 4620 4849 4906 

165 184 208 251 340 439 539 598 609 819 961 977 1003 1006 1020 1046 1133 1419 1440 1459 1502 1793 1871 2292 2326 2451 2462 2484 2499 2725 2765 2880 3253 3270 3381 3406 3464 3577 3752 3808 3944 4008 4131 4217 4297 4355 4454 4639 4700 4861 

6 36 187 315 417 489 644 692 784 787 984 1012 1136 1568 1635 1652 1722 1814 1827 1840 1953 2041 2096 2230 2259 2353 2392 2420 2563 2713 2714 2910 3031 3177 3236 3655 3719 3771 3786 3872 4051 4096 4115 4119 4355 4390 4400 4711 4730 4932 

12 198 248 383 834 1082 1145 1215 1237 1275 1305 1448 1785 1820 1823 2066 2094 2280 2427 2497 2528 2662 2733 2736 2788 2804 2982 3208 3366 3373 3505 3525 3568 3633 3675 3685 3808 3918 3939 3943 4040 4113 4464 4722 4735 4777 4840 4947 4958 4967 

60 198 270 274 381 424 443 476 526 551 782 1052 1093 1290 1293 1354 1361 1422 1535 1545 1565 1673 1694 1852 2056 2294 2456 2476 2478 2490 2531 2671 2698 2921 2925 2972 3180 3224 3251 3273 3304 3370 3522 3673 3738 3791 3840 4410 4585 4802 

43 81 282 287 298 453 486 556 584 661 733 784 839 846 939 960 1035 1663 1699 1737 1753 1964 2022 2132 2150 2163 2186 2233 2297 2321 2501 2505 2613 2656 2808 2816 3152 3191 3603 3661 3661 3952 4163 4239 4284 4314 4433 4576 4631 4680 

24 240 289 479 517 717 878 1036 1051 1183 1209 1234 1287 1294 1487 1764 1823 1847 1952 2062 2251 2252 2444 2463 2532 2612 2690 2732 2748 2756 2769 2781 2787 2883 2887 3144 3319 3496 3506 3540 3605 3895 4020 4250 4324 4540 4549 4639 4715 4915 

85 102 129 150 296 299 461 738 872 882 910 1003 1080 1138 1269 1346 1401 1405 1433 1455 1491 1667 1673 1679 1766 1779 1804 2104 2374 2509 2532 2556 2685 2698 2751 2783 3008 3185 3401 3475 3624 3947 3951 4075 4270 4495 4524 4669 4878 4890 

59 73 165 183 322 351 464 532 535 618 844 858 861 873 1166 1206 1311 1330 1341 1403 1561 1580 1762 1993 2068 2114 2398 2447 2607 2701 2716 2779 3215 3241 3282 3845 4030 4287 4308 4398 4495 4509 4532 4539 4607 4625 4653 4842 4846 4930 

46 377 418 573 637 642 722 754 767 925 1012 1152 1168 1232 1253 1662 1673 1980 2070 2234 2274 2310 2397 2418 2574 2580 2668 2763 2868 2932 3115 3233 3471 3665 3701 3747 3923 3955 3981 4080 4175 4200 4386 4403 4429 4548 4644 4653 4841 4965 

12 17 251 278 364 382 416 492 579 622 691 706 731 894 1203 1235 1286 1342 1427 1489 1563 1565 1686 1688 2000 2041 2112 2126 2672 2864 2953 3009 3069 3139 3163 3254 3288 3790 3847 3850 3924 3963 3983 4197 4211 4475 4534 4538 4559 4701 

11 192 418 445 500 679 724 808 867 882 932 973 975 1011 1145 1199 1403 1489 1515 1552 1557 1605 1612 1744 1810 1810 2085 2113 2269 2297 2323 2343 2452 2495 2696 2771 2776 2872 3046 3107 3456 3483 3839 3909 4067 4162 4185 4552 4946 4990 

24 27 148 278 286 340 426 594 733 774 821 821 1029 1037 1038 1133 1161 1176 1232 1301 1411 1629 1663 1837 2031 2060 2113 2267 2416 2421 2603 2920 2976 3181 3182 3186 3280 3374 3382 3479 3546 3749 3955 4000 4040 4219 4314 4487 4544 4661 

1 77 242 278 312 411 430 675 675 797 826 836 942 958 1046 1220 1370 1434 1494 1838 1859 1961 2126 2135 2479 2498 2527 2612 2677 2801 2839 3035 3057 3067 3088 3164 3376 3395 3502 3671 3714 3834 3891 3898 4198 4292 4307 4549 4642 4722 

327 455 523 664 836 946 1052 1205 1347 1348 1354 1405 1741 1755 1831 2119 2136 2207 2220 2319 2525 2627 2678 2705 2728 2895 2898 2930 3229 3378 3443 3462 3538 3606 3871 3885 3998 4179 4281 4353 4404 4474 4558 4572 4610 4612 4620 4674 4814 4952 

155 229 258 435 466 608 684 723 751 759 787 790 878 960 968 996 1213 1239 1351 1358 1376 1560 1708 1711 1924 1933 1982 2098 2283 2362 2451 2720 2735 2762 2791 2897 3077 3331 3520 3550 3599 3635 3692 4038 4228 4496 4553 4732 4759 4807 

106 134 175 212 229 269 277 307 330 352 355 407 454 780 780 855 1026 1242 1264 1320 1532 1562 1833 1893 1922 2140 2381 2455 2502 2572 2832 2836 3105 3264 3325 3374 3385 3389 3390 3403 3562 3575 3923 3940 3964 4068 4630 4631 4716 4745 

147 366 405 411 696 1161 1209 1232 1397 1432 1475 1495 1502 1560 1660 1910 1918 2019 2167 2188 2241 2315 2378 2476 2514 2520 2540 2685 2899 2993 3093 3117 3151 3205 3229 3390 3412 3469 3578 3727 3764 3876 3877 3950 4123 4241 4603 4835 4916 4975 

21 50 93 149 191 231 457 609 673 684 704 710 838 1012 1070 1171 1372 1404 1409 1510 1645 1674 1677 1683 2320 2413 2464 2535 2588 2611 2973 3258 3264 3284 3316 3718 3771 3942 4020 4088 4225 4275 4521 4567 4609 4663 4703 4829 4861 4950 

45 67 102 364 388 433 537 575 589 610 775 794 860 947 1003 1098 1129 1229 1447 1566 1696 1785 1825 1904 1928 1955 1959 1971 2050 2124 2261 2306 2442 2505 2523 2527 2528 2685 2848 2992 3633 3664 3700 3795 3817 4028 4070 4287 4421 4676 

